ARMA_MAT_TXT_FN008
20 20
   3.102752970357e-01   8.174555524286e-01  -2.099015405932e-15   4.432869002424e-15   1.810183947182e-15  -1.578598363139e-15   5.689893001204e-16  -6.383782391595e-16  -1.873501354055e-15  -4.787836793696e-15  -2.042007395842e-01  -4.402246219901e-01  -3.317995830612e-15   9.121305536774e-15  -1.526556658860e-15   2.775557561563e-16   2.046106339915e-15  -2.218199717874e-15   5.204170427930e-17  -3.990644827854e-16
  -8.174555524286e-01   3.102752970357e-01   5.155598170603e-15   7.232712692651e-16   4.876307690971e-15  -1.564720575331e-15   1.831867990632e-15   2.164934898019e-15   3.219646771413e-15  -1.623701173514e-15   4.402246219901e-01  -2.042007395842e-01  -1.218464350004e-15  -5.450446445176e-15  -3.330669073875e-15   1.026956297778e-15   1.127570259385e-16  -1.434846707594e-15   1.436351038109e-15  -8.811206560016e-16
   9.020562075079e-17  -1.107620939411e-15   1.207191386784e-10  -1.139343850723e-09  -7.637731725513e-02  -8.561455224000e-01  -1.585537257043e-15   1.249000902703e-15  -5.898059818321e-16  -1.298874202638e-15   4.657732532998e-16   3.184030730047e-16   1.679685298038e-15   3.756847197579e-16   4.961309141294e-16  -4.909267437014e-16  -2.923188501154e-10   1.297285488982e-10  -5.110138581991e-01  -6.796073264497e-03
  -3.937822290467e-15   3.183651259286e-15   1.308213594745e-09  -2.297346042405e-09  -8.561455224000e-01   7.637731725513e-02  -5.646524914305e-15   1.290634266127e-15   3.649858193455e-15  -5.655198531684e-16   8.899131431761e-16  -1.182918780290e-15   1.680902302713e-15   1.047916852255e-15  -3.330669073875e-16   1.873501354055e-16  -1.169657075188e-10  -6.038962809314e-11  -6.796073264497e-03   5.110138581991e-01
  -4.926614671774e-15   1.458902443296e-15  -7.749524086629e-01  -3.718446618104e-01  -1.507583224925e-10   3.990230988508e-10   2.289834988289e-16   4.163336342344e-16  -7.910339050454e-16  -3.655062363883e-15   1.134509153289e-15  -3.278627369596e-16  -8.323728717869e-16  -5.137824173513e-16   4.718447854657e-16   2.706168622524e-16   4.284431150805e-01   2.785979341824e-01  -1.760695885963e-10   1.286480305420e-10
  -3.191891195797e-15  -2.322794734333e-15  -3.718446618104e-01   7.749524086630e-01  -2.722676003923e-09  -8.408332090488e-10  -3.261280134836e-16  -4.371503159462e-16  -1.602884491803e-15   1.446759378965e-15   1.595945597899e-16  -6.506297237086e-16  -5.742647919219e-16  -3.387146443200e-16   5.689893001204e-16  -1.977584762614e-16  -2.785979341824e-01   4.284431150805e-01   2.682626280403e-10  -9.569020615394e-12
   1.304512053935e-15   9.020562075079e-17  -1.318389841742e-15   5.117434254132e-17   2.588207426157e-15  -1.134509153289e-15  -1.454854320349e-09   5.299331362618e-09   9.326096976906e-01   3.608866190002e-01  -4.940492459582e-15  -4.456938290653e-15  -2.473585218780e-15  -2.426945905527e-15  -1.998401444325e-15  -6.106226635438e-16   1.158795281953e-15   1.707889472208e-15  -3.799044412389e-16  -1.231420200212e-15
  -8.326672684689e-17  -3.122502256758e-17  -1.020017403874e-15  -2.539743589047e-15  -2.262079412674e-15  -9.688430613330e-16   2.258904258090e-09  -3.312689345059e-09  -3.608866190002e-01   9.326096976906e-01   1.533495552763e-15  -9.623161642547e-15  -2.424248848399e-15   1.871270249420e-16   7.216449660064e-16   3.955169525227e-16   2.508410146262e-15   1.311376408939e-15  -6.591949208712e-17  -4.895096821305e-16
  -1.722061574684e-01  -4.536967039588e-01   1.228184220992e-15  -6.986056698410e-16  -4.458239333260e-16   4.458239333260e-16   2.706168622524e-16  -1.026956297778e-15  -2.123301534596e-15  -8.312794896881e-15  -3.679220653945e-01  -7.931820055591e-01  -8.176696091164e-15   1.461914197981e-14  -2.969846590872e-15   6.453171330634e-16   2.394785758586e-15  -7.920401801868e-16  -6.457508139324e-16  -6.640737194394e-16
   4.536967039588e-01  -1.722061574684e-01  -2.227384943154e-15   1.054928713828e-16  -2.114627917216e-15   4.510281037540e-17   2.123301534596e-15   2.331468351713e-15   3.164135620182e-15  -3.722716579446e-15   7.931820055591e-01  -3.679220653945e-01  -3.213872774045e-15  -1.115826014891e-14  -7.716050021145e-15   1.491862189340e-15  -4.579669976579e-16  -8.269481020090e-16   1.610690747444e-15  -1.405189522133e-15
   1.318389841742e-16  -5.108760636752e-16   9.367506770275e-17   1.830133267156e-16  -5.437490735449e-15  -8.578207588705e-16   9.419148837051e-01  -3.358516813338e-01   4.107219023219e-09  -1.885062323251e-09  -1.058181320346e-15   1.611666529400e-15   7.464422654052e-17  -1.822442869739e-16   7.355227538142e-16  -3.781697177629e-16   2.454633718507e-16   4.296134167815e-16  -1.169637303677e-15   1.710679947455e-15
   7.771561172376e-16  -4.371503159462e-16   0.000000000000e+00   1.020451084743e-15  -5.898059818321e-16   6.106226635438e-16   3.358516813338e-01   9.419148837051e-01  -5.051726426064e-09   5.774269326575e-10  -3.969047313035e-15   7.762887554996e-16   1.901688822175e-15   1.508759689309e-15   4.440892098501e-16  -1.637578961322e-15   1.665334536938e-16  -5.548133567151e-16   1.439820485061e-16   1.247956332160e-16
  -1.045186095024e-16   1.310229581481e-15  -1.523952658758e-16  -2.655623255187e-16   2.371751458225e-16  -5.356177631975e-16   8.026763872736e-16   2.025632664116e-15  -1.817744936839e-15  -3.450943490068e-15  -2.510117359036e-15   7.346871741360e-15  -9.858692574634e-01  -1.675165878010e-01   2.369106692899e-13  -5.037932917988e-14  -1.329005397500e-15  -2.340743033655e-15  -2.675564721130e-15   4.288103835760e-15
   1.836231256908e-16  -3.836167654934e-16  -9.136951543620e-18   9.703063580729e-17   3.892373289556e-16   9.050144551359e-17  -2.878083685846e-16  -1.198700780751e-15   2.135207996499e-15   1.667725373465e-16   1.829194895379e-14   1.176710458204e-14  -1.675165878010e-01   9.858692574634e-01  -5.436771934697e-08   1.156135872435e-08   5.868415684741e-16   6.347232100542e-16   6.070536757362e-17  -8.344508221617e-16
  -7.186091999234e-16   1.208343321235e-15  -7.177593762397e-11   6.774183870914e-10   4.541157407882e-02   5.090374630840e-01  -1.812786032396e-16  -6.158268339718e-17  -2.125036258072e-17   4.949925018483e-16   1.884560216214e-15  -6.718529812350e-16   1.857864573770e-15   3.327011585713e-16   8.049116928532e-16  -7.125376677575e-16  -4.916488800821e-10   2.181895957689e-10  -8.594696035354e-01  -1.143025438649e-02
   2.295039158717e-15  -1.837505841928e-15  -7.778230308106e-10   1.365930546487e-09   5.090374630840e-01  -4.541157407882e-02   1.143182770669e-15  -1.942890293094e-16  -6.800116025829e-16   1.196525517555e-15   1.074661193368e-15  -6.854868235540e-16   3.717728280669e-15   1.017852228843e-15  -1.536964999715e-15   2.333203075189e-16  -1.967232737387e-10  -1.015677421886e-10  -1.143025438649e-02   8.594696035354e-01
   2.629840789581e-15  -4.891920202255e-16   4.607613270277e-01   2.210866601725e-01   8.963564439302e-11  -2.372458193442e-10  -3.261280134836e-16   1.387778780781e-17  -4.302114220422e-16  -1.552577510999e-15   1.228184220992e-15   1.304728894369e-15  -1.837930862216e-15  -1.031929543367e-15  -1.082467449010e-15   5.238864897450e-16   7.205965529888e-01   4.685726155359e-01  -2.961313824365e-10   2.163722889853e-10
   1.726049858597e-15   3.574397722250e-15   2.210866601725e-01  -4.607613270277e-01   1.618813601613e-09   4.999317885666e-10   4.978656376053e-16   8.222589276130e-16  -6.418476861114e-17  -7.042977312466e-16  -6.114900252818e-16  -3.571660111765e-15  -7.835366589548e-16  -1.527467128288e-16   3.538835890993e-16  -3.686287386451e-16  -4.685726155359e-01   7.205965529888e-01   4.511892822247e-10  -1.609354397298e-11
  -7.216449660064e-16   3.469446951954e-16  -8.604228440845e-16  -1.795438797636e-16  -4.371503159462e-16  -1.838806884535e-16   9.992007221626e-16   4.440892098501e-16  -1.998401444325e-15  -6.938893903907e-17  -5.911937606129e-15   6.623174231279e-15   9.310902100681e-09  -5.479800213070e-08  -9.781287784214e-01   2.080002231341e-01  -9.922618282587e-16   8.505566043149e-17  -1.259409243559e-15  -1.379349322057e-15
   3.282582141434e-16  -5.107878754938e-17   1.723483479391e-16   2.122194814509e-18   1.444787478033e-16  -7.061949902652e-17   6.886389512167e-16   1.314564247531e-15   1.183992292888e-15  -1.314849415075e-16   5.258226377086e-17   1.827219765914e-18  -1.457743481126e-17   8.579350916360e-17   2.080002231341e-01   9.781287784214e-01  -2.117935594386e-16  -6.534236058344e-19  -4.285770884062e-17   4.037835680512e-24
