ARMA_MAT_TXT_FN008
42 42
  -4.057548012909e-01   8.672644874790e-01  -2.721430496314e-17  -4.879577834453e-16  -1.207288125180e-15   6.002143226880e-16  -1.082197202953e-14  -1.332346614553e-15   5.794483467762e-15  -7.868705687031e-15   7.088013741490e-02  -2.772852485043e-01  -2.044078605532e-16   1.962016463831e-15   5.273559366969e-16   2.973794412162e-16   8.777700788443e-16   4.978880043885e-16   4.370779679738e-17   4.699604136031e-16   7.804423579040e-17  -5.059436784827e-16  -1.945127902096e-16  -2.081668171172e-16   2.562472716588e-16   2.395122041485e-16  -1.387778780781e-17   4.786401171098e-17  -6.664304396441e-03   3.549414199698e-02   2.096037671175e-16   4.163336342344e-17   4.647110581994e-16   0.000000000000e+00   4.544975507059e-16  -2.767209345842e-17  -2.231232807042e-16   2.790205362355e-16  -7.806255641896e-17   2.119336903752e-16   1.624552011073e-16  -1.566056005186e-17
   8.672644874790e-01   4.057548012909e-01  -8.875768863067e-17  -7.294326184795e-16   1.000692874019e-15   1.124100812433e-15   2.689868509801e-14   9.312004570951e-15  -1.765074775389e-14   3.400058012915e-15  -2.772852485043e-01  -7.088013741490e-02   2.388633767085e-16  -2.015141385723e-16   4.926614671774e-16   8.805714628943e-17   7.806255641896e-17   5.789820780010e-17  -2.672157103791e-16  -3.316323639243e-16   3.722945575784e-17   1.206359021987e-15  -2.470861260972e-16  -1.804112415016e-16  -1.235086879330e-15   6.872522147590e-16  -9.714451465470e-17  -2.580143219190e-17  -3.549414199698e-02  -6.664304396441e-03  -3.017151443136e-16  -1.249000902703e-16  -3.749967569675e-18   0.000000000000e+00   1.470178145890e-16   1.499723815365e-16  -1.646731934405e-16   4.842404420248e-16   8.153200337091e-17  -7.241507010192e-18   1.739108797111e-16   2.039409670165e-18
   5.487536459838e-16   1.752070710737e-16  -3.498888444284e-02   8.688550079804e-01  -3.131264415924e-01   8.746529144170e-02  -7.312217858729e-16  -2.856423164680e-16   7.467426120447e-16   4.597017211339e-16  -1.076078093145e-15  -6.323067069935e-16   1.972857288162e-15   4.039796377743e-15   1.035629915158e-15   5.173054537136e-15  -1.200138916172e-02  -2.874847875617e-01   1.486997884056e-01   1.661191205357e-01  -2.409520222189e-17   1.048146877460e-15   1.308202261254e-15  -5.117434254132e-16  -4.611599681192e-16   2.890566932115e-16  -6.722053469410e-16  -4.479188911611e-16   2.306263390452e-16  -1.747733902047e-16  -2.830369492775e-18   2.046973701653e-16  -7.572398744598e-16   0.000000000000e+00  -4.791631501300e-16   6.989809272389e-16   7.365363601178e-16  -1.829082244210e-16   5.930788302105e-03  -1.728285640383e-03   4.073934601255e-02  -6.302242621724e-02
  -1.000986795768e-15   1.004838573460e-15  -2.392584840496e-02   3.086935226837e-01   8.736676833806e-01   5.169365924291e-02  -7.560901770202e-16  -5.803621767483e-16   7.582020920526e-16   4.544975507059e-16   1.708799318881e-15  -5.377642775528e-17  -2.960624522540e-15  -1.351224698165e-17  -7.051650929846e-16  -3.510788702703e-15  -1.999716007468e-02  -2.193429963152e-01  -2.326953711953e-01  -1.727436061952e-01  -3.586319202842e-16   4.880106959337e-16  -1.458961566352e-16  -2.064320936412e-16   2.627997429992e-16   7.471593103799e-17  -3.460773334574e-16  -6.939548216055e-16  -5.429626235981e-16   1.999268806063e-16   4.487221878503e-16  -1.856154119295e-16  -6.372082973929e-16   0.000000000000e+00   2.323851831451e-16   5.322814620021e-16  -1.620804896928e-15  -1.174117140746e-16   5.872951192954e-03  -3.256307391095e-03  -6.327467573774e-02  -4.026042793762e-02
   8.277255840280e-16   1.002670169115e-15   2.692885640485e-01   1.073824516464e-01   2.159943417199e-02  -8.816562455702e-01   1.820207970246e-16  -3.609580059684e-16  -9.092538771412e-17   9.089951014118e-16   2.761661935380e-16  -1.276756478319e-15   1.051872948551e-16   4.960416544260e-15  -2.567390744446e-16   3.083434371051e-16   3.631764217001e-01  -2.231458105490e-02  -2.939327054726e-03  -9.748448622878e-03  -3.096368426968e-17  -4.917494065828e-16  -7.317156316915e-18   2.081668171172e-16  -6.671398274197e-16  -2.640808187231e-16  -8.118505867571e-16  -1.705473096070e-16   1.212271053893e-16   1.457167719821e-16  -3.136881717375e-16  -3.053113317719e-16  -2.826055104651e-16   0.000000000000e+00  -1.303211011328e-15   1.323973051652e-15  -2.666800374491e-16  -1.065205011964e-15  -5.009043778270e-02   5.561059575683e-02  -2.509354784739e-03  -7.860951713991e-03
   7.430797506192e-16   1.647987302178e-16  -8.874224436956e-01  -9.994288238128e-03  -4.654846274083e-03  -2.723810668760e-01   1.679238102021e-16  -3.285039732286e-16   1.768164138301e-15  -9.020562075079e-17   6.241131566823e-16  -1.307981500887e-15   1.947719441027e-15   4.108391831079e-15  -4.518954654920e-16   1.331623560393e-15  -7.595569029345e-03  -3.524105646883e-02   2.371314471121e-01  -2.738024429424e-01  -1.547993384031e-15   6.518381952341e-16   2.111217378931e-16   4.857225732735e-17   1.446920421217e-15   3.450591022727e-16  -4.822531263216e-16   9.206397449550e-16  -3.713782229519e-16   3.556183125752e-17   7.934522182939e-16  -1.179611963664e-16  -6.567651359678e-16   0.000000000000e+00   4.542807102714e-17   2.657443061603e-16   1.565810851256e-16   4.707060225563e-17  -5.559643853806e-02  -5.063154028338e-02  -7.730649632289e-05  -3.893445145304e-03
   4.060995743472e-17   2.307182223049e-16  -2.527731882976e-16   1.213894290334e-15   1.025570147235e-15   1.786765180256e-16   7.789697676054e-01   3.407067216823e-01  -3.733465309554e-01   1.588137033298e-01   1.175838606946e-13  -1.364533486203e-14  -5.638827023282e-16   4.427618868770e-15  -2.185751579731e-16   1.107303564254e-15  -1.491862189340e-16  -3.233952666148e-16   1.622161439805e-15   8.467004947360e-18  -3.525942880376e-16  -5.458032575009e-16  -3.516334726978e-15   2.359223927328e-16   1.620130625974e-01  -2.864393884243e-01   2.147896374628e-02  -6.130664596028e-02  -1.005372361329e-14  -2.151057110211e-16  -8.817506777418e-16   6.245004513517e-17   1.884685966212e-15   0.000000000000e+00   7.676151381197e-17   1.975732890012e-16  -8.521817956107e-16  -9.040790034743e-16  -3.035766082959e-17  -1.592573938522e-16  -2.124178235058e-16   1.053164026085e-16
  -1.891443112439e-17   4.683753385137e-17  -2.733449058769e-16   3.346180725800e-16  -1.755184186918e-15   2.376571162088e-16   3.657257873132e-01  -8.633338639434e-01   1.372141558427e-02   9.052847177261e-02   8.183335860564e-15  -9.247810850432e-15   3.451466150377e-15   8.555027166182e-16  -1.374768354712e-16  -1.873939881963e-15  -2.020952849513e-16   5.900431353839e-16  -5.006808639737e-15  -1.086293066556e-15  -3.969350301945e-16  -3.845428893920e-16   3.312145069518e-15   1.665334536938e-16  -7.769467372932e-02  -1.087829512281e-01   1.268540124068e-02   3.073833017702e-01  -1.589134200317e-15   1.084202172486e-17   7.459333963449e-16   6.938893903907e-17   3.877516909099e-16   0.000000000000e+00  -5.421010862428e-18  -8.590189403372e-16   6.734278399203e-16   7.722126395456e-16   8.283304597789e-17   5.653954103741e-17   9.005036848632e-16   1.460581677632e-16
   1.184214537004e-01  -2.531152336909e-01   5.831384893194e-16   3.221014331375e-16   4.955355451098e-16   1.526556658860e-15  -3.421591679126e-14  -4.777215605772e-15   1.712140058435e-14  -1.923461390163e-14   2.202117131534e-01  -8.614749044274e-01  -3.258914138933e-17   4.516127940422e-15  -6.591949208712e-16   9.787899181747e-16   1.387778780781e-17   2.301588152306e-15  -5.893240719695e-17   1.037302141009e-15   1.982968452477e-16   1.398699295298e-17  -4.996750140401e-16   1.942890293094e-16  -1.173654053698e-15   1.313029383533e-15   1.165734175856e-15  -2.477833221648e-16  -6.686039351650e-02   3.560990255361e-01   4.875518423991e-16   1.665334536938e-16   1.616844208319e-15   0.000000000000e+00  -3.651592916931e-16   9.683376861948e-16  -7.411991028627e-16   1.953668600754e-15   1.283695372223e-16   2.031717303188e-16   6.658702252691e-16  -5.571865642563e-16
  -2.531152336909e-01  -1.184214537004e-01   1.245634728710e-16  -8.222383476524e-16   1.053343583101e-15  -1.942890293094e-16   8.435213860152e-14   3.078531104497e-14  -5.303732915139e-14   1.267735916244e-14  -8.614749044274e-01  -2.202117131534e-01  -8.706001942730e-16   7.077897449880e-16   1.457167719821e-16  -1.325710311502e-17   1.942890293094e-16  -1.023423010238e-15  -2.012626808389e-16  -1.320899538860e-15   6.670707506078e-16  -3.952155560994e-16  -4.286597240665e-15  -4.163336342344e-17  -5.163850091904e-15   8.359175498527e-15  -3.053113317719e-16   3.482327624656e-16  -3.560990255361e-01  -6.686039351650e-02  -2.237962947487e-15  -2.775557561563e-16   1.140367609595e-15   0.000000000000e+00   1.207801220149e-16  -1.663697954787e-16  -5.201890814282e-16  -7.056150430837e-17   1.127570259385e-17   4.736818261383e-16   8.011481442714e-16  -3.845441670642e-16
   1.531520242521e-18   1.179611963664e-15  -1.757103034727e-16  -2.654854573150e-16  -8.969355943048e-17   4.371503159462e-16  -1.216309805610e-01   4.733389091698e-02   1.789216730449e-01   9.156619659228e-01  -4.643661535200e-15  -1.332267629550e-14  -1.640097167074e-16   3.261172292155e-15   1.530026105812e-15  -8.261874342330e-17   2.012279232133e-16   1.146304286817e-15   3.461554296425e-16   1.261185778459e-16  -4.093135304510e-16  -3.030260259629e-16  -1.035113136236e-16   9.992007221626e-16   5.287956937871e-03   2.855162236145e-02   3.341660182663e-01  -2.349685837644e-03   8.524710462531e-16  -6.765421556310e-16  -6.531028582673e-16   1.304512053935e-15   1.928062230266e-15   0.000000000000e+00   1.408161781624e-15   1.864117982341e-15  -6.077245589877e-17   3.918592843576e-15   1.804112415016e-16  -1.202506054646e-16   3.670307619668e-16  -3.591382532892e-17
  -3.452577499782e-16   1.925543058334e-16  -9.146133216463e-16   7.175390206008e-16  -1.299769308104e-16  -1.717376241217e-16  -3.635121013160e-01  -1.543290819131e-01  -8.461060920932e-01   1.250214428805e-01   1.333860210373e-14  -9.124645483638e-16   3.603826561385e-16   1.509461365450e-15   2.914335439641e-16   2.905670919918e-16   3.747002708110e-16   8.045564221889e-16  -6.010761540325e-16  -2.975110899482e-16  -8.956664627865e-16   6.127563350465e-16  -5.012263373470e-15   2.775557561563e-17   2.832012520257e-01   1.334884173153e-01  -1.504703835751e-02   1.194449092511e-01  -1.474255758045e-15   2.818925648462e-16   2.270955734075e-15   9.020562075079e-17   7.845657428972e-17   0.000000000000e+00  -9.725293487195e-17   5.888193392433e-16  -5.940709470510e-16   4.886908465137e-17   1.691355389077e-17   5.857932877158e-16   5.727087835643e-16   8.135682371876e-16
   1.042543827848e-16  -1.710209036156e-17  -9.438253326800e-17   5.946933134004e-16  -6.508826163477e-17  -3.242749973521e-17   1.173841380248e-15  -2.470246229791e-15   2.775557561563e-16   2.966799216841e-16   4.253895651399e-16  -1.475485282458e-16  -9.168828371046e-01  -8.840124690050e-02  -8.024799641189e-16   1.665017182508e-01   1.149713738943e-15   1.535192961068e-15   8.862522130534e-15  -7.450828394939e-16  -1.918170483561e-15   2.254584002605e-16   1.022185808219e-15  -1.901689668894e-16   4.796510411076e-16   6.449294525317e-16  -5.793641586160e-16   3.399624332046e-15   1.835133030892e-15  -4.343451747914e-16  -3.580469254416e-15  -1.135216610309e-15   4.771480479656e-17   0.000000000000e+00   6.105246842501e-16  -1.785191301348e-02  -3.479783770465e-01   4.879158430433e-02  -6.743880986381e-17   6.488610532881e-16   1.392004042624e-14   2.134143571936e-15
   1.013710946154e-16  -6.446219591312e-18   3.547275303013e-17   6.732304299628e-16   6.526256659114e-17  -6.154918348657e-17  -4.250816026277e-16   1.526556658860e-15  -3.959126617050e-31  -2.516108459322e-15   1.996405996018e-16   1.455015930160e-15  -1.871305379214e-01   3.268184709391e-01   1.651094414436e-16  -8.569618360471e-01  -3.275347320790e-15  -1.712718518423e-16   1.056243161453e-14   8.638114726521e-15   2.622901895677e-15   5.853826459888e-16  -3.732908079868e-15   1.919918032178e-16  -5.750608322863e-16  -9.942163958733e-17  -7.574417039201e-16   6.834810495349e-16  -1.311798271751e-16  -3.098071987483e-16   1.595945597899e-15   4.529126529683e-16  -1.534150919923e-16   0.000000000000e+00  -6.451756998706e-15   9.221307919289e-03   4.837373831279e-02   3.483722280994e-01   4.289680419456e-16   4.060051680710e-15  -1.662692247710e-15  -2.943898372361e-15
   2.013845955923e-16  -1.418136441611e-16   1.366091991819e-02  -3.392322697205e-01   1.222558338448e-01  -3.414959810902e-02   8.592490004688e-17  -3.269085070760e-15  -6.860616757924e-16   1.428544782467e-15   1.361405704916e-15  -1.108488301149e-15   2.628548067644e-15   7.599399890966e-15   2.123518375030e-15   1.056794669676e-14  -2.774708630375e-02  -6.646618240606e-01   3.437923565882e-01   3.840656704066e-01   2.088702937635e-17   2.255165422587e-15   1.040875907978e-15  -1.094610513341e-15   1.548203751385e-16   4.793308259739e-16  -1.804112415016e-15  -3.136723920300e-16   1.597214156225e-16  -7.886486602660e-16  -7.915334009371e-17   1.616762279610e-15  -5.888793309906e-16   0.000000000000e+00  -2.485614795586e-15   3.385958082059e-15   5.487672916706e-15  -1.031100730288e-15   3.154311123473e-02  -9.191949437924e-03   2.166736793569e-01  -3.351870441485e-01
   5.083981983711e-16  -2.476317761957e-16   9.341512432865e-03  -1.205250627391e-01  -3.411113114300e-01  -2.018306529175e-02  -1.638708117421e-16   3.770223059390e-15  -3.102673497842e-16   1.072059108154e-15   1.824253428898e-15  -1.385176695567e-15  -7.081921018951e-15   2.629243366287e-16  -1.790668308077e-15  -8.579093458226e-15  -4.623322508298e-02  -5.071187149146e-01  -5.379892660788e-01  -3.993814120124e-01  -2.588342011259e-16   1.745209283849e-15   1.160260055750e-16  -2.931682674401e-16   9.680839649254e-16   8.219203268266e-16  -4.961309141294e-16   1.196980154397e-15  -1.536395769725e-15   1.739060284667e-16   5.396500164513e-16  -5.342948306009e-16  -1.144526078911e-15   0.000000000000e+00   1.659181689609e-15   3.510846812400e-15  -1.461341450211e-14  -1.996163794667e-15   3.123550248619e-02  -1.731878816435e-02  -3.365286423103e-01  -2.141265363229e-01
  -5.578773972757e-17  -8.465450562767e-16  -1.051399484988e-01  -4.192597437497e-02  -8.433196576579e-03   3.442303336587e-01   2.291408646116e-16   9.158924836663e-17   3.631221993578e-18   2.775557561563e-17  -1.564186477491e-18   9.714451465470e-16  -1.003330388620e-16   1.169943746819e-14  -2.012279232133e-15   6.711044281905e-16   8.396600910619e-01  -5.159107816762e-02  -6.795693428771e-03  -2.253831132561e-02  -8.660221325149e-17  -3.374027802856e-16   1.017863345111e-16   5.551115123126e-16  -8.455205342223e-16  -3.489162421958e-16   6.938893903907e-17   2.502733675293e-16   3.933192632502e-16   8.291978215169e-16  -1.506205710573e-15  -1.443289932013e-15  -7.795382039506e-17   0.000000000000e+00  -5.577135975265e-15   6.148207417016e-15  -9.334751941045e-16  -4.487803250315e-15  -2.664077977990e-01   2.957669568420e-01  -1.334609381932e-02  -4.180875487282e-02
   5.028447041362e-17   1.266348137463e-16   3.464816649622e-01   3.902129874513e-03   1.817419537499e-03   1.063473729179e-01  -2.396372898886e-16  -2.598443438146e-15  -2.414480623975e-16   2.584737979205e-16   1.147963729472e-15  -2.255140518770e-16   4.342007682897e-15   1.021939674507e-14  -1.438085761585e-15   3.107614362935e-15  -1.756087620719e-02  -8.147695421752e-02   5.482454272327e-01  -6.330283863082e-01  -3.491957980032e-15   1.653011183741e-17  -7.846815370100e-16   2.255140518770e-16  -1.965355374781e-16  -6.843005128055e-17  -4.215378046624e-16   8.704164277541e-16  -5.511258231530e-16   4.145989107585e-16   2.582138601030e-15  -4.649058915618e-16  -1.906020838768e-15   0.000000000000e+00   1.431146867681e-16  -4.037402367214e-16  -2.634692832014e-18   1.978022131220e-15  -2.956916611639e-01  -2.692856709415e-01  -4.111573855729e-04  -2.070742826228e-02
  -7.731064353629e-17   3.087807787239e-16   1.002421337871e-16   5.877158174960e-16  -7.735341219086e-17   2.775557561563e-17   1.486028300094e-15   9.773588088056e-16  -1.849722421331e-15   4.728856195513e-15   5.343885197405e-16  -3.531896997089e-15   1.745256230964e-02  -6.680601821381e-01  -6.022747094480e-01  -2.585883119568e-01   8.260753192602e-15  -8.183801085901e-15   1.202359353200e-14   8.667342514027e-16   1.186461964591e-16  -7.181412097958e-16   1.819551096161e-16  -1.609823385706e-15  -4.076202565937e-16  -8.082398008804e-16  -3.500671974521e-15  -4.777051640360e-16  -7.060234768651e-16   7.546047120499e-17   6.075271286609e-16   6.383782391595e-16  -2.677071373890e-15   0.000000000000e+00   3.470834581539e-01  -5.753695560590e-02   3.104842990155e-03   1.091858338278e-03  -3.114696001116e-15   3.518144007342e-15   1.257182168919e-15  -1.466642771682e-15
   1.179566674577e-16   1.283695372223e-16  -4.089931807555e-17  -4.171148544639e-16   1.649751869970e-16  -3.122502256758e-16  -1.782943247062e-15  -8.797658651391e-16   1.675156617947e-15  -2.650657471293e-15  -1.185424903000e-15   3.143318938470e-15  -1.466875864157e-02   5.614999904292e-01  -7.165730346380e-01   2.173416985041e-01  -9.103828801926e-15   6.083734524852e-15  -8.668188219259e-15   3.788008836921e-15  -4.226451817475e-16   8.763784884764e-16   1.223020885211e-16  -3.955169525227e-16  -1.917480671068e-18   4.301288761681e-16   1.110223024625e-15   1.157876766214e-15   1.035950801836e-15   3.642919299551e-17  -1.281428655518e-15   7.910339050454e-16  -1.060154067222e-15   0.000000000000e+00   5.763101131353e-02   3.465170065245e-01  -1.869895421727e-02  -6.575729962461e-03   2.185751579731e-15  -3.835166251929e-15   2.248909451130e-15   4.598100141102e-15
   2.751650056627e-17   4.832750447325e-18   1.978404406030e-16  -2.986780734288e-16   4.143921156553e-16   5.035196987339e-17  -2.775557561563e-16   8.569432351754e-16   8.775196173315e-16   2.297669857644e-17  -3.330669073875e-16   2.440547499712e-17  -2.420356918015e-15   2.864950737445e-16  -2.119461783680e-17  -1.072710401091e-16  -1.500243184988e-17   3.150469811273e-16   1.156564398347e-15  -3.825805467255e-15   7.691332722378e-01   1.665334536938e-15   6.390884207501e-01   7.468524394369e-17   1.651275004177e-14  -9.436895709314e-16  -9.574192226666e-18   6.909488338613e-16  -5.218048215738e-15  -3.194963678947e-17   1.366286759689e-15   1.676329423595e-30  -9.436895709314e-16   0.000000000000e+00   9.712776274035e-18  -2.193337476865e-16   3.992289163952e-15  -1.630627455317e-15   7.408434763447e-17  -1.557976215846e-16   1.309554987878e-15   2.159899702631e-16
  -9.910285482838e-19   1.177198998399e-17   8.481615827450e-17  -7.344654675136e-16   2.353609122497e-16   3.484479646796e-17  -8.881784197001e-16  -3.121019374128e-17  -5.980947849600e-16  -1.154219938701e-16  -8.326672684689e-16   1.058419506191e-17  -6.167564917754e-16   1.520013348275e-15   2.194520596029e-17  -4.250489361738e-15   1.048909544160e-16   9.124741675585e-16  -1.500893287876e-15   1.447802807611e-15  -6.390884207501e-01  -1.202163368852e-15   7.691332722378e-01   2.279037000142e-16   1.276538273673e-14  -2.664535259100e-15   3.061830123752e-17  -5.554333820945e-15  -8.465450562767e-15   9.722987217695e-17   4.959806594270e-15  -4.086052970012e-30  -1.387778780781e-16   0.000000000000e+00   1.546029696843e-17  -3.338574008407e-16   5.151210413191e-15   1.733457235883e-16  -1.051072120988e-17  -2.090877961975e-16  -1.381265193933e-16   2.591442311806e-16
  -2.474037195029e-17  -5.204170427930e-17   2.986615745797e-16  -2.407499809839e-16  -8.385760282560e-16  -4.336808689942e-17  -2.773617845713e-01  -1.213128265963e-01   1.329346328904e-01  -5.654757604437e-02  -4.178790975471e-14   4.813857645836e-15  -3.384901505292e-16  -3.880721129307e-16   7.806255641896e-18  -1.571536973958e-15  -5.377642775528e-17  -3.155586057165e-16  -6.497740523719e-17  -1.451110573355e-16  -6.962529179185e-16  -4.311169787121e-15  -1.237114044540e-14   3.573530360512e-16   4.550132164587e-01  -8.044641917008e-01   6.032360739134e-02  -1.721795373871e-01  -2.574743763440e-14  -8.743006318923e-16   2.844071535827e-16  -3.122502256758e-16   2.201182578981e-15   0.000000000000e+00  -5.670377362099e-17   1.192196835211e-16  -3.461097817670e-15  -2.462209806937e-15   3.469446951954e-18   6.665659552527e-16  -4.699353055943e-16  -7.860012097044e-16
  -6.669264955147e-18  -4.250072516143e-17   8.910533502375e-17   4.396704905626e-16   9.393066086688e-16  -1.014813233446e-16  -1.302211732103e-01   3.074006606448e-01  -4.885679100225e-03  -3.223377790714e-02  -2.849161592191e-15   3.367098266871e-15   1.659752472048e-15  -9.585950762413e-16  -1.257674520083e-17   1.804573733619e-15   6.071532165919e-18  -1.391573643472e-15  -3.599870928766e-16   9.941238397977e-16  -2.498396725801e-15  -1.441358592943e-15   6.604891620391e-15   1.110223024625e-16  -2.182052658503e-01  -3.055166030480e-01   3.562691259614e-02   8.632851115944e-01  -3.363605041236e-15   5.204170427930e-17   2.787830712162e-15  -2.532696274926e-16  -1.637075730071e-16   0.000000000000e+00  -1.252795610307e-16  -1.699282253907e-15   2.601071478942e-15   1.976149089586e-15   8.500145032286e-17  -7.606269666292e-16   3.639653128272e-15   8.858346958737e-16
  -3.033548855764e-02   6.483938539400e-02  -1.750609525499e-16  -2.286109892670e-16  -2.529276904434e-16  -7.771561172376e-16   1.350399979292e-14   1.947659640909e-15  -6.663672562513e-15   7.799316747992e-15  -8.841673585315e-02   3.458889537625e-01  -2.800240847384e-16  -1.793761102225e-15  -1.075528555106e-16  -1.712189046810e-16  -8.812395257962e-16  -9.311518431973e-16   7.068737494392e-17   4.207855588815e-17   2.451101818334e-16  -7.746746636213e-16  -1.747999349742e-15  -1.110223024625e-16  -2.921181374971e-15   3.108450550647e-15   2.262079412674e-15  -3.094169729128e-16  -1.718657498849e-01   9.153584482258e-01   1.478904246264e-17  -6.106226635438e-16   1.650175648893e-15   0.000000000000e+00  -5.464378949327e-16   2.079294975233e-16  -1.033164717456e-15   1.247213812520e-16   4.701100619897e-16   7.179600571099e-16   1.709098972831e-15  -8.149137992791e-16
   6.483938539400e-02   3.033548855764e-02  -6.888483824183e-17   7.526368616625e-16  -5.537621734353e-16   8.153200337091e-17  -3.449877317364e-14  -1.214277171841e-14   2.209652835066e-14  -5.077535614184e-15   3.458889537625e-01   8.841673585315e-02  -3.707763346785e-16   6.548426512490e-16  -7.546047120499e-17   1.212667381460e-15  -5.464378949327e-17   1.633710582668e-15   2.983174888590e-17   7.485409166014e-16   1.136060737979e-15  -1.249989382401e-15  -8.705135336615e-15   3.295974604356e-17  -1.402621785898e-14   2.146295234900e-14  -5.984795992120e-17   2.969292391780e-16  -9.153584482258e-01  -1.718657498849e-01  -7.039050588666e-15  -6.453171330634e-16   7.993619445259e-16   0.000000000000e+00   4.576417370061e-16   9.950122454087e-16  -2.942266161644e-15   1.899365272050e-15  -1.602450810934e-16   2.003861009193e-15   2.607701994997e-15  -1.301828662462e-15
  -2.435156510664e-17  -2.775557561563e-16  -4.200056386081e-17   1.561526851982e-16   8.979556788274e-17  -7.494005416220e-16   4.330820942033e-02  -1.685381513046e-02  -6.370726644086e-02  -3.260327261650e-01   1.234125909381e-15   4.773959005888e-15   1.530387411526e-16  -5.863331212878e-15  -7.494005416220e-16  -1.207092284554e-16  -1.387778780781e-17  -2.751078824552e-15   3.230974905124e-16   2.924339391010e-18   7.005122683409e-17  -1.952456708303e-15  -1.430177481057e-16   1.387778780781e-15   1.485121172467e-02   8.018714860099e-02   9.385042932026e-01  -6.599085860813e-03   1.846690902318e-15  -1.838806884535e-15  -3.078493192406e-16   2.498001805407e-15   4.224831189228e-15   0.000000000000e+00   1.872633992317e-15   3.023761842556e-15  -8.991840036688e-17   5.403632398486e-15   2.151057110211e-16  -5.813766011673e-16   1.213586421096e-15   4.167683022865e-16
   4.609822936123e-16  -1.120116369449e-16   1.040611890756e-15   2.671717863753e-16   5.843852884290e-17   1.459742699980e-16   1.294329630330e-01   5.495077132745e-02   3.012665001892e-01  -4.451542530800e-02  -4.679718588071e-15   3.326061214642e-16   2.076632306859e-15  -1.090155932026e-15  -1.482714233510e-16  -1.918855318102e-15   8.893168319812e-17  -3.010537812373e-16   5.459894161366e-16   5.199421946058e-16  -5.649073407767e-15   1.796930745819e-15  -1.376542412007e-14  -1.821459649776e-16   7.953698950161e-01   3.749018329067e-01  -4.225956358990e-02   3.354606812354e-01  -2.873473165340e-15   8.531180319474e-16   3.974371141749e-15  -6.174531372305e-17   7.296546860779e-16   0.000000000000e+00  -2.311823963600e-16  -4.657969904638e-16  -1.735323041616e-15  -1.459894028955e-15  -2.851451713637e-17   3.023106934148e-15   1.838968746545e-15   2.361375581437e-15
   8.932229825085e-16   1.249000902703e-16  -3.734330839348e-16   7.792915272523e-17  -2.058074288680e-16   8.326672684689e-17   1.671255619667e-16   1.820857928527e-17  -2.137215768237e-16  -3.053113317719e-16  -1.985822472652e-16  -4.440892098501e-16  -1.478940148534e-16  -3.110783723831e-16  -9.159339953158e-16   3.549794253047e-16  -6.383782391595e-16  -2.761978302712e-15  -2.109135516956e-17   4.021447869725e-16   1.465597127100e-15  -6.994586429226e-01   8.172389255358e-17   7.146730768966e-01  -1.996276948179e-16   3.582982415515e-15  -2.192690473635e-15   1.578975516222e-16   6.255736064374e-16  -2.220446049250e-16  -1.627853433214e-15  -6.661338147751e-16  -1.408564273317e-15   0.000000000000e+00  -8.673617379884e-18   5.445729370604e-16   9.190736242232e-17   1.747747738511e-15   5.134781488891e-16  -3.409361056484e-16   6.846112070259e-16  -7.969785180872e-16
   8.350631640546e-16  -1.249000902703e-16  -3.912934988267e-16  -5.663616399141e-17  -2.151223692700e-16   8.326672684689e-17   2.122093658834e-16  -4.142251957061e-17  -2.330605318795e-16   1.054711873394e-15   3.318894461681e-18   8.326672684689e-17  -3.063039141862e-16   1.848731090594e-15   5.689893001204e-16  -3.332763295562e-17  -3.191891195797e-16  -1.225241490270e-15  -2.576402006057e-16   7.352621984328e-17   1.374530268191e-15  -7.146730768966e-01   4.150112692732e-16  -6.994586429226e-01  -1.092215526325e-16   3.201801256609e-15  -1.137978600241e-15   1.557558004447e-16   6.481894024438e-16  -3.885780586188e-16  -1.494705736991e-15  -7.771561172376e-16  -2.747379614185e-15   0.000000000000e+00   6.245004513517e-17  -5.790367934613e-16   3.617991998751e-16  -4.214671564502e-16  -6.106226635438e-16  -5.503642341751e-16  -3.697303962466e-16  -5.082028325671e-16
  -2.384308680074e-16  -1.342897913641e-17  -1.783952418362e-16  -2.362229989602e-16   1.636225959636e-16  -7.037114723317e-18   1.034774835071e-15   1.781111120533e-16  -2.025330323175e-16   6.191324666665e-16  -4.333494221179e-16  -1.004700077691e-15  -1.290194834505e-16  -7.214778282493e-16   7.026693105415e-16   8.357723597296e-16  -1.042717383442e-15   2.598169162389e-15  -9.378321029084e-17   5.835404034169e-16  -8.857788127046e-16   3.726218821768e-15  -8.501671221483e-17   9.050202965212e-16   2.617324628433e-15  -1.562556141808e-15   4.576985682733e-15   8.676224706207e-16  -4.907103623177e-16   2.227692236542e-15  -1.613275428638e-01  -5.586101057404e-15  -9.869009189952e-01   0.000000000000e+00  -6.888630186504e-15   7.712135414056e-17   2.883918288850e-15   2.307321363662e-15   3.636212991277e-16   2.614257415400e-15   4.379241246939e-16  -2.625938520018e-15
   8.091274231693e-18  -9.727922325555e-18  -4.964565377120e-17   3.294023041879e-16   1.900455014629e-16  -1.582070483906e-17  -1.072049006895e-15   4.055283339289e-17  -5.500253170624e-17  -5.828715550850e-16  -1.330196554353e-16  -2.356673473825e-16  -5.868261610274e-16  -1.715943900221e-15   4.072945773675e-16   8.645842515232e-16  -1.788906656185e-16  -8.185149565446e-16   9.652676540965e-16  -1.786804969075e-15  -1.581329097087e-15   1.513883912886e-15   4.395031478722e-15  -2.650169753184e-16   2.741812255584e-15   1.004072504737e-15  -1.372225615467e-15   4.234868213241e-15   7.539574245372e-15   1.244148041696e-15  -9.869009189952e-01   5.632449060743e-16   1.613275428638e-01   0.000000000000e+00   1.721070851391e-15   1.018814834998e-15   1.117770573551e-14   5.952824023407e-15  -5.864603668586e-17  -4.592547707352e-15  -5.565028116374e-16   2.787284435749e-16
  -2.252047466628e-16  -3.144186300208e-17  -5.791958834972e-17  -2.431938028925e-16   3.560180160161e-16   6.938893903907e-17   6.739891417727e-17   1.166002699166e-15  -3.201002543211e-16  -1.665334536938e-16  -6.995895269377e-16   3.885780586188e-16   3.446267936395e-01   3.322718785887e-02   4.996003610813e-16  -6.258264521280e-02  -5.551115123126e-16  -7.899720452702e-16  -3.807685170239e-15  -6.540669634409e-16   7.226996751908e-16  -4.163336342344e-17   6.429439723587e-15  -2.636779683485e-16  -3.389618079746e-15   9.477946579762e-16  -7.216449660064e-16   5.747025145822e-16   2.808045215116e-15  -6.869504964868e-16  -9.644523863943e-15  -2.386979502944e-15  -9.439169385292e-16   0.000000000000e+00   1.609823385706e-15  -4.749518306074e-02  -9.257997563915e-01   1.298104705422e-01  -1.942890293094e-16   1.854657159971e-15   3.680222927129e-14   6.445096774711e-15
  -3.668073175223e-16   1.040834085586e-17  -1.938355496999e-17   1.168974018360e-16  -2.940926908280e-16  -3.816391647149e-17   7.247681912408e-16  -6.200377049459e-16   1.958248337133e-16  -9.159339953158e-16  -7.211776994625e-16   1.026956297778e-15   7.033635560193e-02  -1.228405606300e-01   4.440892098501e-16   3.221044149555e-01   2.109423746788e-15   1.395737336770e-15  -2.685927001665e-15  -5.222004433352e-15   5.682126285037e-16   3.885780586188e-16   1.183625210508e-15  -1.623701173514e-15   3.563176513962e-15  -1.739139103745e-15  -6.494804694057e-15  -2.315256037567e-15   1.531466679093e-15  -3.608224830032e-16   7.475962934361e-15  -1.554312234475e-15   1.292427762373e-15   0.000000000000e+00  -1.781907954523e-14   2.453337675102e-02   1.286987873380e-01   9.268476008351e-01   1.373900992974e-15   1.179843624234e-14  -7.762795437228e-15  -8.571541741287e-15
   1.591570973026e-16   3.469446951954e-17  -3.105789403517e-03   7.712394150171e-02  -2.779467821696e-02   7.763859284485e-03   1.839614034786e-16   1.371906264798e-15   3.632988521663e-16  -8.326672684689e-16  -8.779776246640e-16   6.383782391595e-16  -9.716303706723e-16  -4.514539207151e-15  -1.443289932013e-15  -5.011974987320e-15   1.315752269879e-02   3.151791485911e-01  -1.630245311512e-01  -1.821219251954e-01  -7.553700009098e-16  -1.991592477440e-16  -5.456685141397e-16  -5.551115123126e-17   1.267352997820e-15   7.745159309654e-16   4.440892098501e-16  -4.053168381754e-16   3.097374477094e-15  -7.494005416220e-16   1.703989386171e-16   3.608224830032e-15   2.882539807187e-15   0.000000000000e+00  -5.120903701084e-15   7.929718409833e-15   1.334298576537e-14  -5.791809362927e-15   7.192897552477e-02  -2.096075752405e-02   4.940893643417e-01  -7.643399699973e-01
   5.014538859545e-17   8.326672684689e-17  -2.123778669414e-03   2.740119003371e-02   7.755113878161e-02   4.588589252338e-03   2.873658849678e-16  -7.489569949479e-16  -3.723218972592e-16  -5.273559366969e-16  -9.543902012762e-16   7.216449660064e-16   2.853049123388e-15   1.781512330579e-16   1.026956297778e-15   2.728282476685e-15   2.192355268616e-02   2.404730330756e-01   2.551116864182e-01   1.893845694825e-01   1.257959659687e-15  -4.896699456477e-16   8.415947653992e-16   4.440892098501e-16   8.646143262221e-16   2.282398663844e-16   1.276756478319e-15   4.555917269356e-15  -1.184213312191e-15   6.938893903907e-16   3.727288341349e-16  -3.747002708110e-16   1.750338941855e-15   0.000000000000e+00   3.764349942870e-15   8.978653263014e-15  -3.544742614828e-14  -5.681922547081e-15   7.122752340801e-02  -3.949270193172e-02  -7.673992681315e-01  -4.882810156475e-01
  -3.165090690919e-16   6.106226635438e-16   2.390340766871e-02   9.531806622528e-03   1.917274438485e-03  -7.826024375002e-02  -6.705398142917e-17   3.254270568161e-16  -6.290754122603e-16   8.326672684689e-17  -3.347888664704e-16  -4.163336342344e-16   7.343786012568e-17  -5.836051047282e-15   5.551115123126e-16  -5.960404934029e-16  -3.981624083508e-01   2.446421849901e-02   3.222482157740e-03   1.068754894164e-02   1.157674439825e-16   1.081019723253e-16   2.634652384197e-16   4.163336342344e-17  -1.746778235621e-15  -3.198804478944e-16   3.885780586188e-16   3.803306232437e-16   1.558757067412e-15  -4.371503159462e-16  -2.319288850494e-15   8.291978215169e-16   2.818092411309e-15   0.000000000000e+00  -1.146305272925e-14   1.399354368090e-14  -2.667468990275e-15  -8.607185167142e-15  -6.074999965886e-01   6.744488215321e-01  -3.043361349290e-02  -9.533811942611e-02
   2.869455107989e-16   1.110223024625e-16  -7.877208050394e-02  -8.871433027933e-04  -4.131875726608e-04  -2.417791377729e-02   4.210151049015e-17   8.735082139571e-16   5.111027949640e-16   0.000000000000e+00  -4.930728221186e-16   1.387778780781e-16  -2.060431243668e-15  -4.801933831938e-15   5.551115123126e-16  -1.279129979613e-15   8.327275331812e-03   3.863594407031e-02  -2.599751042094e-01   3.001787384323e-01   1.698415550790e-15   3.164725232257e-16   2.453059357913e-16   5.551115123126e-16   2.173243526057e-15   6.306311412034e-16  -3.608224830032e-16  -2.768663872332e-16  -1.079801419109e-15   3.330669073875e-16   1.548302600712e-15  -5.551115123126e-16  -1.728556687967e-15   0.000000000000e+00  -2.081668171172e-16  -2.269394547313e-15  -7.337699702731e-17   9.165376556825e-15  -6.742771218877e-01  -6.140625219302e-01  -9.375780754040e-04  -4.721994890023e-02
   2.248169790749e-16  -7.771561172376e-16  -1.664241567772e-16  -2.224411108153e-16   2.228783128237e-16  -1.110223024625e-16  -5.765759179065e-16  -3.488818886274e-16   5.004088803113e-16  -2.386979502944e-15  -1.640327190345e-16   1.887379141863e-15  -6.559857318913e-03   2.511023537702e-01   2.263757086594e-01   9.719503650405e-02  -2.386979502944e-15   2.903534942068e-15  -4.690883226942e-15  -7.545661576354e-18  -1.944180799863e-16   5.333365368498e-16   1.886925513029e-16   7.086345399365e-16   6.943276540816e-16   4.991165302962e-16  -4.440892098501e-16   1.071120077982e-16   5.195653560725e-16   5.412337245048e-16  -9.879814203811e-17   9.020562075079e-16  -6.173167234393e-15   0.000000000000e+00   9.234188162314e-01  -1.530776134298e-01   8.260464079163e-03   2.904899414071e-03  -9.159339953158e-15   1.093414711804e-14   4.836443770778e-15  -6.107825710954e-15
  -4.327068066864e-16  -2.220446049250e-16   2.901797453125e-16  -6.266197325484e-18   6.751152606247e-17   2.220446049250e-16   1.086615698025e-15   4.824467006320e-16  -4.832468256531e-16   5.551115123126e-17  -2.163899856681e-16  -6.106226635438e-16   5.513514980040e-03  -2.110498021113e-01   2.693367760221e-01  -8.169176000300e-02   3.420007332888e-15  -2.605482979937e-15   2.188560762115e-15  -9.653857961925e-16  -6.783168807085e-17  -3.275776800986e-16   3.527507478362e-16  -9.436895709314e-16  -6.292207830513e-16  -6.934427904093e-16  -4.163336342344e-15   1.644627122055e-15   7.208577167148e-16  -1.665334536938e-16   9.311902994514e-16  -2.498001805407e-15  -9.103373236101e-16   0.000000000000e+00   1.533278495277e-01   9.219117663252e-01  -4.974874417790e-02  -1.749479162762e-02   5.134781488891e-15  -1.025947122232e-14   6.609953454885e-15   1.310703391341e-14
  -2.238238823335e-17   1.110223024625e-16  -2.901018620192e-17   4.603522718975e-17  -8.855867982525e-17   2.775557561563e-17  -1.155111507657e-16   2.053975726452e-18   9.734340664864e-17  -1.110223024625e-16  -9.648601674937e-17   4.996003610813e-16  -1.387778780781e-17  -1.114639081378e-15   1.304512053935e-15   6.140921104958e-16   1.165734175856e-15  -3.163603420854e-16   2.271640740013e-17  -3.791220141756e-16   5.722249001304e-17  -1.183131666808e-15  -1.392221426085e-16  -4.440892098501e-16  -1.007058084290e-16  -6.853922500565e-16  -2.775557561563e-15   1.989694499834e-16  -8.139541079275e-16   2.775557561563e-16  -1.707771878074e-16   1.000000000000e+00  -5.813655865418e-15   0.000000000000e+00  -9.315465065995e-16   2.104396625193e-15  -2.775557561563e-15   1.695178941045e-15  -8.604228440845e-16  -5.282206077433e-16  -2.655387084337e-15   2.918782061115e-15
   0.000000000000e+00   0.000000000000e+00   0.000000000000e+00   0.000000000000e+00   0.000000000000e+00   0.000000000000e+00   0.000000000000e+00   0.000000000000e+00   0.000000000000e+00   0.000000000000e+00   0.000000000000e+00   0.000000000000e+00   0.000000000000e+00   0.000000000000e+00   0.000000000000e+00   0.000000000000e+00   0.000000000000e+00   0.000000000000e+00   0.000000000000e+00   0.000000000000e+00   0.000000000000e+00   0.000000000000e+00   0.000000000000e+00   0.000000000000e+00   0.000000000000e+00   0.000000000000e+00   0.000000000000e+00   0.000000000000e+00   0.000000000000e+00   0.000000000000e+00   0.000000000000e+00   0.000000000000e+00   0.000000000000e+00   1.000000000000e+00   0.000000000000e+00   0.000000000000e+00   0.000000000000e+00   0.000000000000e+00   0.000000000000e+00   0.000000000000e+00   0.000000000000e+00   0.000000000000e+00
