ARMA_MAT_TXT_FN008
12 12
   8.832452023744e-01   7.001899279338e-02  -4.653046745640e-31  -3.825975390322e-29   9.306093491279e-31   1.941337383942e-31   1.554312234475e-15  -6.522560269673e-16   0.000000000000e+00   5.246191504993e-16   4.122543933122e-01  -2.121828652969e-01
  -7.001899279338e-02   8.832452023744e-01   9.436816123802e-34  -9.099365854614e-33  -1.595027073099e-33  -4.095701649730e-34  -3.732159570661e-18   1.352210132149e-18   0.000000000000e+00   5.551115123126e-16   2.121828652969e-01   4.122543933122e-01
   6.977535562284e-61   5.750317695742e-62  -6.913747720394e-01   3.177964007693e-30  -2.097661773858e-01  -6.913747720394e-01   9.870119511247e-31   3.082937905030e-28   0.000000000000e+00  -3.530073026580e-46  -6.844683286075e-45   3.595127113091e-45
   1.710569414459e-47   1.368455531567e-48  -1.622041950698e-01   1.517883041480e-17   9.775624921249e-01  -1.343926080272e-01   4.770489558936e-18   1.443289932013e-15   0.000000000000e+00  -1.540743955510e-33  -3.389636702122e-32   1.694818351061e-32
  -7.006492321624e-46  -4.379057701015e-47   7.040530688018e-01  -4.440892098501e-16   1.922822965159e-02  -7.098869991028e-01  -2.385244779468e-18  -7.216449660064e-16   0.000000000000e+00   7.703719777549e-34  -4.622231866529e-33   2.311115933265e-33
  -3.944304526105e-30  -2.958228394579e-31  -4.579337242761e-16  -1.000000000000e+00   1.439510597761e-18   3.912759158903e-16   2.886579864025e-15   8.881784197001e-16   0.000000000000e+00  -1.035379938103e-30  -1.620860968022e-21   8.342395618001e-22
   6.660053835307e-16   5.550096988371e-17   6.629045167369e-16   1.723352590330e-15  -1.120452742963e-15  -2.877092323506e-16   3.406439678912e-01   9.401923670927e-01   0.000000000000e+00  -1.187130225184e-16  -8.323824922943e-16   4.161870630258e-16
   1.645480104432e-16   1.054408519738e-17   2.377289159609e-16  -2.292279887779e-15  -4.018135481730e-16  -1.031774594859e-16  -9.401923670927e-01   3.406439678912e-01   0.000000000000e+00   3.247276897688e-16   3.000263718505e-15  -1.502994726361e-15
  -4.622041577437e-01  -3.664109298655e-02   4.815391697040e-32  -6.349221516223e-29  -9.666404974263e-32  -1.182688451231e-32   3.113172159020e-15   5.386346375322e-17   0.000000000000e+00   6.826066166246e-16   7.877941142465e-01  -4.054690868953e-01
   3.664109298655e-02  -4.622041577437e-01   1.798295397674e-34  -1.733990312487e-33  -3.039510155851e-34  -7.804837278090e-35  -7.112065437349e-19   2.576794149034e-19   0.000000000000e+00  -1.776356839400e-15   4.054690868953e-01   7.877941142465e-01
  -2.775557561563e-17  -1.221245327088e-15   6.954724481700e-34  -6.706031106881e-33  -1.175499627070e-33  -3.018441406448e-34   3.457453703353e-16   9.965489193693e-19   0.000000000000e+00   1.000000000000e+00  -1.804112415016e-16   1.720845688169e-15
   0.000000000000e+00   0.000000000000e+00   0.000000000000e+00   0.000000000000e+00   0.000000000000e+00   0.000000000000e+00   0.000000000000e+00   0.000000000000e+00   1.000000000000e+00   0.000000000000e+00   0.000000000000e+00   0.000000000000e+00
