ARMA_MAT_TXT_FN008
12 12
   6.770900113799e-01   4.314565774742e-01   3.642919299551e-16  -9.645062526431e-16  -1.023486850826e-15  -8.326672684689e-16   2.525757381022e-15  -4.302114220422e-16   0.000000000000e+00  -3.885780586188e-16   5.862605535932e-01  -1.081337206631e-01
   4.314565774742e-01  -6.770900113799e-01   7.563394355259e-16  -1.078998002058e-15  -8.743006318923e-16  -1.110223024625e-16   1.026956297778e-15   2.498001805407e-16   0.000000000000e+00   4.440892098501e-16  -1.081337206631e-01  -5.862605535932e-01
  -8.604228440845e-16   6.661338147751e-16   4.954370853187e-01  -2.086383211849e-01  -3.735062518380e-01   7.559796460633e-01   8.160139230995e-15   2.747801985947e-15   0.000000000000e+00   1.776356839400e-15   4.996003610813e-16   6.938893903907e-17
  -1.734723475977e-16  -2.220446049250e-16  -4.627498122410e-01  -5.718982645279e-01   5.381563234199e-01   4.113183169567e-01   6.383782391595e-16   6.800116025829e-16   0.000000000000e+00   5.745404152435e-15   1.361757928642e-15  -6.106226635438e-16
  -8.509902851839e-16   6.114900252818e-17  -5.955868720870e-01  -2.691557184238e-01  -7.547186858544e-01  -5.684348915708e-02  -1.374247937669e-14   3.810536955418e-15   0.000000000000e+00   4.098717892864e-15  -4.324340364958e-16   1.565587937069e-16
   1.918604164430e-15  -1.110223024625e-16  -4.309071635045e-01   7.462959367455e-01   3.578486584083e-02   5.060443010393e-01  -6.064593272015e-15   1.859623566247e-15   0.000000000000e+00   3.941291737419e-15  -1.422473250301e-16  -3.053113317719e-16
  -3.002703634166e-16   1.749285380715e-17  -8.117427926747e-15   8.954510003269e-16  -6.471392616424e-15  -8.920489844916e-17   5.010096921156e-01  -8.562087069388e-01   0.000000000000e+00   1.260790964768e-01  -2.246676032165e-15   8.987935617055e-16
   3.409170918849e-16  -1.652057866239e-16   1.274220245941e-14  -1.667991727882e-15   5.013740218424e-15   1.863467178803e-15  -7.857740025566e-01  -3.889830987194e-01   0.000000000000e+00   4.808860216484e-01   2.952477347252e-15  -1.559532045448e-15
  -5.027529198718e-01  -3.203651663402e-01  -1.734723475977e-18   1.682681771698e-15  -3.625572064792e-16  -4.996003610813e-16   2.622901895677e-15  -6.661338147751e-16   0.000000000000e+00  -1.720845688169e-15   7.895551655975e-01  -1.456307049853e-01
  -3.203651663402e-01   5.027529198718e-01  -1.283695372223e-16   6.210310043997e-16   2.671474153004e-16  -1.526556658860e-16   1.339206523454e-15   6.661338147751e-16   0.000000000000e+00   1.276756478319e-15  -1.456307049853e-01  -7.895551655975e-01
   4.996003610813e-16   6.661338147751e-16  -6.591949208712e-16  -2.796374243275e-15   1.151856388049e-15   7.216449660064e-15  -3.626961611492e-01  -3.399982339261e-01   0.000000000000e+00  -8.676708452027e-01  -6.800116025829e-16  -1.637578961322e-15
   0.000000000000e+00   0.000000000000e+00   0.000000000000e+00   0.000000000000e+00   0.000000000000e+00   0.000000000000e+00   0.000000000000e+00   0.000000000000e+00   1.000000000000e+00   0.000000000000e+00   0.000000000000e+00   0.000000000000e+00
