ARMA_MAT_TXT_FN008
20 20
  -7.683596296932e-01  -5.249415664303e-01   1.733883219293e-15  -2.727581615430e-16  -6.323067069935e-16   4.062505540303e-16   1.305067707548e-15  -6.993849401525e-16   1.207259119063e-15  -1.166601537594e-15   1.049720619910e-01  -3.507715745220e-01   3.666297408896e-16   0.000000000000e+00   4.939625097844e-16  -7.286959755179e-16  -4.517057301118e-16   6.674890674907e-16  -4.041363597940e-16   4.939557335208e-17
  -5.249415664303e-01   7.683596296932e-01  -3.949965354799e-15  -2.992397996060e-17   3.816391647149e-16  -5.559517689963e-16  -4.441827222874e-15   4.311275728780e-15  -2.149322386735e-15  -1.215173794922e-15  -3.507715745220e-01  -1.049720619910e-01  -8.947378428437e-16   0.000000000000e+00   3.469446951954e-16  -1.061198862134e-15  -6.071532165919e-16  -6.140921104958e-16   2.493664996717e-17  -3.131446924681e-16
  -4.996003610813e-16  -9.905271047828e-16  -1.375170480079e-01   6.579378340228e-01   3.964482746581e-01   4.707266204038e-01  -1.137978600241e-15  -6.453171330634e-16   1.078998002058e-15   8.465450562767e-16  -1.309716224362e-16   6.522560269673e-16  -1.139062802413e-15   0.000000000000e+00  -2.498001805407e-16  -3.069820390332e-16   1.722098309631e-01  -1.166769384006e-01   3.565452861441e-02  -3.534276491543e-01
   6.262351748276e-16   3.204901621867e-16  -5.820116699034e-02  -4.745315636551e-01  -1.390014673604e-01   7.633209868040e-01  -5.666040553409e-16   1.074661193368e-15   5.221517662690e-16   2.151057110211e-16   9.540979117872e-17  -6.869504964868e-16   2.486509262378e-15   0.000000000000e+00   5.551115123126e-16   2.120471744166e-15  -1.976106922892e-01  -3.232619583154e-01  -1.608422311890e-01  -5.794799182376e-03
  -7.632783294298e-17   1.330532906074e-15   2.167507692373e-01   4.141668352876e-01  -7.708276781385e-01   1.336321247534e-01  -4.276093368283e-16   2.541369892306e-16   3.122502256758e-16  -8.326672684689e-16  -5.169475958411e-16  -2.498001805407e-16  -2.670606791266e-15   0.000000000000e+00   0.000000000000e+00  -2.301648125437e-15   3.173895447136e-01  -1.361787066471e-01  -1.229959957211e-01   1.871985689884e-01
  -9.228728892197e-16   3.104287660260e-15   8.725071388080e-01  -3.084399085702e-02   2.447038327764e-01   9.191241890736e-02  -1.463889773290e-15   1.455432996345e-15  -5.082739784612e-16   4.232725281383e-16  -7.173081573164e-16   1.179611963664e-16  -7.019124864671e-16   0.000000000000e+00  -1.776356839400e-15   9.129308129870e-16   3.122138927239e-03  -1.810956670929e-01   3.566266937910e-01   9.728358194842e-02
   6.418476861114e-17   2.818925648462e-16   3.348016308635e-16  -2.359223927328e-16  -2.151057110211e-16  -1.340453355952e-15  -2.505443158097e-01   1.074023072937e-01   8.209205683509e-01   5.017785474310e-01  -1.401656568589e-15  -1.047772979490e-15   1.749902306392e-15   0.000000000000e+00  -1.249000902703e-16  -3.451942251279e-16  -2.818925648462e-16   2.896988204881e-16  -1.425942697253e-15   8.714817062438e-16
  -2.012279232133e-16  -5.152128723651e-16  -1.323594012170e-15  -4.440892098501e-16   3.608224830032e-16  -1.084310592703e-15  -7.489742756925e-01   1.609050309527e-01   1.345419976378e-01  -6.285264960498e-01   1.096085028296e-14   3.691491556879e-15  -9.540979117872e-17   0.000000000000e+00  -4.996003610813e-16   8.792285099857e-16  -4.510281037540e-17  -5.238864897450e-16   3.747002708110e-16  -3.501973017128e-16
   3.023221238378e-01   2.065457932990e-01  -6.349087922075e-16   1.013078509970e-15   6.938893903907e-16  -2.164067536281e-16   3.386613905976e-15  -5.473052566707e-16   3.025357742104e-15  -4.274358644807e-15   2.667892566236e-01  -8.914951829701e-01   3.820728455839e-16   0.000000000000e+00  -4.996003610813e-16  -6.127600508109e-16   1.491862189340e-16  -2.046973701653e-16   1.429412144205e-15  -2.103352214622e-16
   2.065457932990e-01  -3.023221238378e-01   5.620504062165e-16  -7.719519468097e-17   3.400058012915e-16  -3.403310619432e-16  -1.146576323469e-14   7.296463780393e-15  -4.860695179687e-15  -2.463307335887e-15  -8.914951829701e-01  -2.667892566236e-01  -1.732555071632e-15   0.000000000000e+00   3.053113317719e-16  -5.409800284848e-15  -3.556183125752e-17  -4.848552115355e-16   2.359223927328e-16   5.660619542547e-16
   1.561251128379e-16  -1.101549407245e-15  -3.295974604356e-16   7.528699885739e-16   4.302114220422e-16  -1.052760309483e-16   4.855050258573e-01   7.715872290072e-01   2.477088689658e-01  -3.279913628985e-01  -8.539176310496e-16   3.365363543395e-15   1.532628191026e-15   0.000000000000e+00   2.220446049250e-16   8.281917170796e-16   1.075528555106e-16  -6.591949208712e-17   4.076600168545e-16  -1.272853350498e-15
  -4.649058915618e-16   7.632783294298e-16   1.432881591157e-15  -2.411265631608e-16  -1.110223024625e-16   6.948651723460e-16   3.748999200236e-01  -6.059929565887e-01   4.966167411252e-01  -4.955748167183e-01  -1.208581845713e-14   2.386979502944e-15   5.290906601729e-17   0.000000000000e+00   2.220446049250e-16   1.382444878424e-15  -1.502270530196e-15   6.245004513517e-17   1.547373340571e-15  -3.968179951297e-16
   2.711596154845e-17   4.329166422823e-16   1.549222297549e-15   5.626470791509e-16  -1.936983390809e-16   4.902078172973e-17  -2.835761815382e-16  -2.153814598589e-15  -2.166176207930e-15  -6.548420734994e-16  -1.518178585984e-15   1.412929731837e-16   9.947755157072e-01   0.000000000000e+00  -7.819369960607e-03  -1.017866926609e-01   6.156808670388e-15   2.422309356801e-15  -3.195765082260e-16  -2.150220112480e-16
  -1.451263085811e-16   6.818498966268e-16   3.068227651539e-16  -2.661807012621e-16  -6.777864040598e-17   3.145542583764e-16   3.349029851895e-16   1.055099053822e-16   7.607773965352e-16  -1.448407674223e-15   5.032614487412e-15   2.109958003123e-15  -1.017835482867e-01   0.000000000000e+00   8.000631367434e-04  -9.948062470638e-01  -7.850715637798e-15  -2.157373445928e-15   1.082491327283e-15  -1.859829918638e-15
  -1.353084311262e-16  -1.413799632921e-16   6.211516588560e-02  -2.971843730995e-01  -1.790719819991e-01  -2.126228168558e-01  -2.402592014228e-16  -6.995272416876e-16   2.498001805407e-16   1.075528555106e-15  -2.116362640692e-16  -2.151057110211e-16  -1.892583312291e-15   0.000000000000e+00  -1.415534356397e-15  -7.023428903342e-16   3.812561272977e-01  -2.583116041097e-01   7.893572291507e-02  -7.824550784523e-01
   5.724587470723e-17  -7.598088824778e-16   2.628892340774e-02   2.143414741762e-01   6.278566423949e-02  -3.447849587096e-01   4.813857645836e-16  -3.129007469793e-16  -7.745540320236e-16  -1.561251128379e-16   7.641456911678e-16  -3.469446951954e-18   4.553974385091e-15   0.000000000000e+00   1.179611963664e-15   3.861733216051e-15  -4.374912096100e-01  -7.156711184299e-01  -3.560893465030e-01  -1.282913224166e-02
  -3.018418848200e-16  -2.827599265842e-16  -9.790429755464e-02  -1.870752903066e-01   3.481756610571e-01  -6.036038234490e-02   1.272202829194e-15  -9.840218917478e-16   6.834810495349e-16  -9.089951014118e-16   3.530162273613e-16  -2.012279232133e-16  -3.788636071533e-15   0.000000000000e+00   5.551115123126e-16  -5.600361031291e-15   7.026701552724e-01  -3.014866574476e-01  -2.723013938258e-01   4.144397625213e-01
  -4.857225732735e-16  -1.994064635635e-15  -3.941033235406e-01   1.393194252211e-02  -1.105304352146e-01  -4.151598096439e-02   1.791101988946e-16   1.986258379993e-16   3.712308238590e-16   1.595945597899e-15   6.696032617270e-16   6.383782391595e-16   1.782211531132e-15   0.000000000000e+00  -3.469446951954e-15   1.007032486919e-15   6.912117558142e-03  -4.009285202830e-01   7.895374579101e-01   2.153765641361e-01
  -1.110223024625e-16  -2.775557561563e-17  -3.608224830032e-16   1.179611963664e-16   1.110223024625e-16   7.892991815694e-17   5.967448757360e-16  -7.979727989493e-17  -5.551115123126e-17   1.665334536938e-16  -4.857225732735e-16   2.220446049250e-16  -7.860193865523e-03   0.000000000000e+00  -9.999691081990e-01   5.045874793092e-13  -1.020017403874e-15   1.040834085586e-15  -4.538036613155e-15   5.464378949327e-16
   0.000000000000e+00   0.000000000000e+00   0.000000000000e+00   0.000000000000e+00   0.000000000000e+00   0.000000000000e+00   0.000000000000e+00   0.000000000000e+00   0.000000000000e+00   0.000000000000e+00   0.000000000000e+00   0.000000000000e+00   0.000000000000e+00   1.000000000000e+00   0.000000000000e+00   0.000000000000e+00   0.000000000000e+00   0.000000000000e+00   0.000000000000e+00   0.000000000000e+00
