ARMA_MAT_TXT_FN008
30 30
   5.734469485654e-01   7.250796715738e-01   4.980677325427e-16   1.477308972340e-16  -3.001071613440e-16  -1.034689846601e-17  -1.321285017676e-14   9.915226987127e-15  -1.172152652718e-14  -1.575048749990e-14  -2.674603491972e-01   2.679812071706e-01  -5.793655425501e-16  -4.360853414200e-16   2.706168622524e-16  -4.871618211319e-17  -1.385072666213e-16   2.854963575429e-16   5.846644954172e-17   2.844946500602e-16  -2.468585581646e-16   3.044260391070e-16   0.000000000000e+00  -6.938893903907e-17   1.262434046551e-15  -1.789677886523e-15   6.867027760201e-16  -4.631711680858e-16  -1.806198552289e-02  -4.174764593484e-02
   7.250796715738e-01  -5.734469485654e-01   1.494687053898e-15  -1.194982831617e-15  -1.226449497516e-15  -4.510823895256e-16   1.066380040837e-14   2.036906632254e-14  -8.527900607902e-15   2.926392542705e-14   2.679812071706e-01   2.674603491972e-01   4.127108381293e-16   1.390731267078e-19   9.575673587392e-16   1.613116245065e-16  -1.296260310633e-16  -7.881701416115e-16  -3.274298188263e-16  -4.787836793696e-16  -2.853451927814e-16  -4.442365963630e-16   0.000000000000e+00   1.526556658860e-16  -1.276356603195e-16   1.368238921594e-15  -4.284677898890e-16   1.467576060676e-15   4.174764593484e-02  -1.806198552289e-02
   4.093947403305e-16  -2.721086358394e-16   4.070765687957e-01  -5.800250116358e-02   8.107724352572e-01  -4.414296587630e-02   1.137459045581e-15  -2.252946909355e-15   1.179611963664e-16   5.202679448231e-16   4.644736909153e-17   5.065392549852e-16   6.780976881125e-16  -2.186161492596e-15   6.938893903907e-17  -2.175318065301e-15  -1.741584025749e-01   2.404666506094e-01  -2.657381855998e-01   1.133653000631e-01   3.691356937690e-15  -9.726408898788e-16   0.000000000000e+00  -7.910339050454e-16  -1.053821237492e-15  -6.049221355572e-16  -1.216846873345e-15  -2.532696274926e-16   1.556976166581e-15  -2.949029909161e-17
  -1.043869851669e-15   4.297013757991e-16   1.798853091737e-01  -8.552721231110e-01  -1.399620445845e-01   2.119850543348e-01   3.337246907632e-15  -1.392006801662e-15   6.774095173689e-16   1.687675766921e-15  -1.670147696870e-15  -6.427150478494e-16  -3.232202173584e-15  -2.410056759874e-15   4.909267437014e-16  -6.320996889748e-16  -3.604809479935e-01  -1.970055963444e-01   5.089457835391e-02  -1.660893807285e-02   3.343272322925e-16  -1.313022929491e-15   0.000000000000e+00  -9.020562075079e-17   2.201465961306e-17   2.811716762110e-16   1.385681697975e-15  -7.068998164605e-17   4.408750635164e-16   8.630249292985e-17
  -3.053113317719e-16   1.463735208910e-16  -1.501239499915e-01  -2.472054006146e-01   1.070830826739e-02  -8.629100694122e-01   9.017695572866e-16  -5.279507719779e-16  -5.377642775528e-17  -4.228570372295e-15  -1.108382930716e-15  -3.642919299551e-17  -1.642635434746e-15  -1.976217714588e-15  -8.708311849404e-16  -2.695133931581e-15   1.057154032078e-01  -2.699216641737e-01  -2.391676230618e-01   1.743250716343e-01   2.236727870399e-15  -3.819634626972e-16   0.000000000000e+00  -2.567390744446e-16  -2.593439919167e-16   1.830324892631e-16  -8.869314560489e-16   1.075528555106e-16   9.021358626994e-16   2.339708288224e-16
  -1.723230932948e-15   8.689069960307e-16   7.795953492248e-01   1.800304457804e-01  -3.889989494200e-01  -1.920315433004e-01   1.342245770269e-16   1.915026963103e-16   3.864096542738e-16   7.093131195833e-16  -2.737577107847e-17  -8.233431297855e-16   4.923597976594e-16   6.285267427316e-16  -9.141992718398e-16  -1.155508530240e-15   1.305466422043e-02  -4.615965717382e-02  -2.030163551892e-01  -3.579204591867e-01  -6.206840832356e-15  -2.588213131005e-17   0.000000000000e+00   4.397524011601e-16  -4.413808190219e-16  -1.488538286905e-15  -7.087654301310e-17   3.773023560250e-17  -1.215859951331e-15   3.288385189149e-16
   8.500145032286e-17   4.565775494341e-16   2.810022059243e-16   2.185917727048e-15   9.671083378571e-17   1.708569405125e-15   7.639399707734e-01   3.718014404246e-01  -1.099547807973e-01  -3.013887467976e-01  -1.469566709370e-14  -1.407728100755e-14  -1.048013486422e-15   1.914065979524e-15  -7.979727989493e-17  -1.161295492867e-15  -8.387513137488e-16  -6.193430782941e-16   1.095637352976e-15  -1.786765180256e-16   3.254291762682e-15  -1.758326964340e-15   0.000000000000e+00  -5.516420653606e-16   6.315720839790e-02  -3.333602953381e-02  -4.124315768843e-01  -5.852348901451e-03  -1.687126896525e-15   1.295404755686e-15
  -4.163336342344e-17  -6.255092608863e-17  -1.868026054891e-15   2.549779717373e-15  -1.171805708022e-15  -1.288081963992e-15   4.750803005926e-01  -7.061483136972e-01   1.543068248300e-01   2.767823900208e-01  -3.203996713548e-14   4.113723250931e-14  -1.338788833654e-15   3.414887398801e-16   8.500145032286e-16   9.441532590495e-16   1.685897280850e-15   1.439672990232e-15  -4.298711043468e-16  -9.506284648353e-16   2.956408533033e-16   4.923095352029e-16   0.000000000000e+00  -2.685351940812e-15   4.121477042080e-01   4.148550457743e-02   5.962417616969e-02   9.610404713652e-03   5.910655205759e-15   8.845788684875e-15
  -2.230269900789e-01  -2.820005183095e-01   1.448810756242e-16   7.782193531397e-16  -5.412337245048e-16   2.849244752032e-16  -2.838867493466e-14   2.158511409213e-14  -2.722128078503e-14  -3.555053026615e-14  -5.832224564881e-01   5.843582363061e-01  -1.195736508787e-15  -6.117053330671e-16  -1.110223024625e-16  -3.979308483247e-16  -2.549089907056e-16   6.869327479224e-16  -4.861875688333e-16   8.916478666521e-16  -2.746266617886e-15   3.893145591648e-16   0.000000000000e+00  -2.775557561563e-16   1.199872664219e-14  -1.121496547590e-14   2.838654250162e-15  -5.620504062165e-15  -1.726767244322e-01  -3.991170706925e-01
  -2.820005183095e-01   2.230269900789e-01  -6.746340237537e-16  -8.075917645496e-16   7.285838599103e-17   1.098186891445e-16   2.276077618410e-14   4.416088041839e-14  -1.626476731076e-14   6.357082616316e-14   5.843582363061e-01   5.832224564881e-01   9.042273549471e-16   8.056575937047e-17   1.720845688169e-15   1.703925470260e-15   2.575988502496e-16  -1.494349495041e-15  -3.773571633450e-16  -2.400857290752e-15   3.963669118868e-16  -7.248374318594e-16   0.000000000000e+00   8.326672684689e-16  -2.588912198015e-15   9.271446701509e-15  -4.210808850540e-15   1.004751837286e-14   3.991170706925e-01  -1.726767244322e-01
  -7.216449660064e-16   6.637721809648e-16  -4.560496828719e-16  -1.553817102985e-16  -1.717376241217e-16  -2.151326007376e-15   5.115714731152e-02   5.240479279908e-02  -7.703468818772e-01   4.753611112786e-01  -3.689820587988e-14  -4.331951464209e-14   3.562247856344e-16  -5.404506430353e-16  -1.942890293094e-16   4.668922765713e-16   2.663788427045e-16   6.230149761609e-17   1.432789411842e-16  -6.938893903907e-17  -1.196116969106e-15   5.096238041473e-16   0.000000000000e+00   4.163336342344e-17   1.328336939418e-02  -5.347307645285e-02   1.224203188403e-02  -4.147872879973e-01   1.358320913418e-14   1.824929096728e-15
   1.144917494145e-16  -4.417898846645e-16  -9.878864402725e-16   1.883617807647e-16   6.609296443472e-16  -3.018080849663e-15   1.133278248531e-01   4.302764300027e-01   4.420756181199e-01   6.567754306652e-01  -7.326342130518e-14  -2.325917236590e-14  -9.474431027763e-16   1.473864568740e-16  -7.910339050454e-16   2.782708226292e-16   2.893879831893e-16   5.944233933930e-16  -1.034983643594e-15   6.938893903907e-18   1.209449845497e-15   7.603780728927e-16   0.000000000000e+00  -4.996003610813e-16  -3.468671903828e-02   4.117553540346e-01  -3.780825434736e-02  -5.530890783607e-02  -1.124704785547e-14  -7.343084473810e-15
   1.462574994437e-17   3.332464965367e-17   1.398891853049e-16  -2.946754067052e-16   2.978918997729e-16  -9.896773978062e-16  -6.546757351956e-16   2.533293724498e-15  -1.193153432595e-16  -1.641364093097e-15   1.287128282777e-15  -4.730332969702e-16  -4.313649370825e-01  -3.461237460857e-01   7.024129115804e-16   8.331402303643e-01   2.642700478394e-15   3.416246524574e-15  -3.361562906561e-15  -2.213201622623e-15  -5.221113035452e-15   1.323586322707e-16   0.000000000000e+00   4.020695477272e-17   2.639955989452e-15  -1.046303828248e-15   7.468816710188e-16   8.456233870462e-17  -3.371934137545e-15   6.473473632890e-17
  -4.154649984084e-17   6.387823943389e-17   9.364796264836e-17   6.034832584071e-16  -2.727343095645e-17   8.349563722244e-16  -1.541242097733e-15  -3.968724936850e-16  -9.749722623497e-16  -8.585132535116e-17   1.550597887635e-15   1.364281250431e-16  -8.793185853493e-01   3.678655103601e-01  -1.789015710733e-15  -3.024463452365e-01   2.779010914312e-15   4.183183341383e-15  -1.028229388298e-15   6.168690872463e-16   2.713263872239e-15   1.514160045457e-15   0.000000000000e+00  -4.273255477199e-17  -1.015444062843e-15  -8.240238555409e-17   1.638160745691e-15   7.271308049721e-17   4.729067414099e-16  -1.771072390847e-17
  -6.938893903907e-17   3.856043417388e-17  -1.852896271088e-01   2.640108184996e-02  -3.690404550754e-01   2.009261724617e-02  -7.160129819805e-16   6.656336508000e-16  -7.181755190544e-16  -6.070975341123e-16   4.869069366568e-16  -2.359223927328e-16   9.059262395883e-16  -6.287241240229e-15  -8.049116928532e-16  -4.664590458671e-15  -3.826215533669e-01   5.282990773272e-01  -5.838199929479e-01   2.490606629753e-01   8.097361936195e-15  -2.787991112690e-15   0.000000000000e+00   3.053113317719e-16   3.457383127555e-16  -5.580778504371e-16  -1.732960507176e-15   7.771561172376e-16   2.791053520867e-15   3.946495907847e-16
   3.287300986976e-16  -2.839926404770e-16  -8.187865481366e-02   3.892954419770e-01   6.370672506935e-02  -9.648954197128e-02   2.290249147715e-17  -4.495530037332e-16  -4.727121472037e-17  -6.474962737880e-17  -4.154388528571e-16  -3.096481404619e-16  -6.344473045300e-15  -4.648146829223e-15   6.505213034913e-16  -5.017641932866e-16  -7.919674172545e-01  -4.328162533693e-01   1.118140861412e-01  -3.648941188739e-02  -2.803406974970e-16  -3.483201055487e-15   0.000000000000e+00   5.776629175003e-16  -6.355130844804e-17   1.255376090020e-15   3.817516159203e-15  -1.491862189340e-16   1.086468606537e-15   3.252606517457e-17
   1.977584762614e-16   2.855636492781e-17   6.833213416414e-02   1.125208376269e-01  -4.874116070350e-03   3.927720169766e-01   2.410874198625e-16  -3.187071499070e-16  -1.249000902703e-16   1.950829163514e-15  -7.514912143063e-16  -4.579669976579e-16  -1.951414455116e-15  -3.823508639143e-15  -1.991462550421e-15  -1.375363251639e-15   2.322540353617e-01  -5.930109883104e-01  -5.254451470500e-01   3.829877210250e-01   5.686777811306e-15  -7.145405803559e-16   0.000000000000e+00  -3.747002708110e-16   5.132231729159e-16   1.640181691524e-16  -9.609382236276e-17   4.666406150378e-16   1.993904460066e-15   1.249000902703e-16
   5.759281940243e-16  -1.966651836466e-16  -3.548495360000e-01  -8.194471685158e-02   1.770612111058e-01   8.740727366481e-02   3.321164710971e-17   1.138762114065e-15  -2.567390744446e-16  -4.202223081214e-16  -1.020196184066e-15  -5.134781488891e-16   1.580059397167e-16  -1.572975160191e-15  -1.484923295436e-15  -4.113680111973e-15   2.868076319518e-02  -1.014115854854e-01  -4.460217367230e-01  -7.863420888745e-01  -1.401735194907e-14  -1.003078295716e-15   0.000000000000e+00   1.859623566247e-15  -7.451437009481e-17  -1.916771772528e-15   6.934663489930e-16  -4.302114220422e-16  -3.694092543128e-15   8.847089727482e-16
   1.387778780781e-16   1.051604294891e-16  -1.600700143227e-15  -9.435479947991e-16   1.405126015541e-16  -5.149997494253e-16  -5.315497149168e-16   2.938303397799e-17   1.595945597899e-16   1.435577803692e-16  -4.792683565527e-16   5.412337245048e-16   1.985997147915e-01   8.493747105949e-01  -1.773780153829e-01   4.556948473983e-01  -7.401937981708e-15  -2.145219522956e-15  -8.224111388540e-15   1.786765180256e-15  -6.623956063569e-15  -1.749976004534e-15   0.000000000000e+00   7.771561172376e-16  -1.096290415651e-15  -8.430708329840e-16   1.122897086844e-15  -2.775557561563e-16  -1.934730739346e-15  -5.204170427930e-17
   5.551115123126e-17  -1.508951277822e-16   3.293737288572e-16  -7.870466632161e-17   5.134781488891e-16   1.335082889424e-16   3.063321019262e-16  -1.017813105451e-15   1.110223024625e-16  -6.474438941017e-16   7.928481943867e-16   8.326672684689e-16  -3.579482923392e-02  -1.530879475495e-01  -9.841427943438e-01  -8.213264184452e-02   3.241330472866e-16   1.217913458795e-15   4.178906211524e-15   6.106226635438e-16   2.974061200161e-15   3.486974132476e-16   0.000000000000e+00  -1.665334536938e-15   7.322084359233e-16   3.101624736347e-16   3.886846647974e-17   1.665334536938e-16   2.341528676513e-15   2.428612866368e-16
  -5.192623756157e-17  -1.282997520934e-16   2.628105417352e-16  -2.245289438930e-17   9.881881670536e-17  -9.703918298676e-17  -1.932823731712e-15   7.087062714936e-16   3.571843907750e-16  -3.974570073811e-18  -1.120296975576e-15   4.860889937171e-16  -6.019490461640e-16   1.006139616067e-15   9.938842210603e-16   3.854555563620e-15   5.186356443960e-15  -1.182004109702e-15   2.893106967829e-15  -1.050971746557e-14   5.734367168895e-01  -8.192498591534e-01   0.000000000000e+00   1.754178928906e-15   3.780341370884e-15  -4.840191496243e-16   5.313381858501e-15  -2.723963064905e-15  -2.049734291237e-15  -1.908139963062e-15
   6.498784213393e-17  -4.548610788292e-16  -4.612748227133e-16   2.525802726260e-16   9.837900674084e-17  -4.012307544751e-16  -2.872273236482e-16  -5.816470065619e-17   1.076130955869e-15  -1.493448616587e-16  -1.751102419187e-17   5.715765175505e-16   2.543104615782e-15   3.150257832374e-15   1.460383967808e-15   7.507883204028e-15  -4.743586687913e-16  -2.748414523694e-15  -1.638143955610e-17  -1.474753324385e-14   8.192498591534e-01   5.734367168895e-01   0.000000000000e+00   1.218635846981e-15  -1.253338018729e-15  -4.505524833180e-15   3.800506853387e-15  -3.681813619737e-15  -1.654657031646e-15  -3.178134124571e-15
   1.383441972092e-16  -1.523863808194e-16  -5.108183337928e-16  -5.112943343191e-16  -8.912141857831e-17   3.868652681121e-17  -3.521302344826e-01  -1.713780315292e-01   5.068251986533e-02   1.389220280918e-01   5.992689554716e-15   6.827871601445e-15  -6.576456607457e-16   1.030692238644e-15  -1.491862189340e-16   7.666608921297e-16  -2.870547964964e-15  -2.694066687091e-15   1.703627025268e-15  -1.320124565218e-15   4.554296168012e-15  -6.552621928213e-16   0.000000000000e+00  -8.187894806611e-16   1.370183847136e-01  -7.232189381630e-02  -8.947626075165e-01  -1.269656170053e-02  -5.034115586872e-15   2.836706564091e-15
  -1.812786032396e-16   1.629477925114e-16   1.680650879392e-15  -1.166362819675e-15   1.405993377279e-15  -1.024097028234e-16  -2.189833547738e-01   3.254917674093e-01  -7.112613619973e-02  -1.275799822334e-01   1.484766398052e-14  -1.874281979619e-14   1.095175256741e-15   2.173411791987e-15   1.942890293094e-16  -2.760949155833e-15  -2.297189800064e-16   1.128743621477e-17  -2.638172993670e-16   7.979727989493e-17  -1.703763000909e-15   4.267573251680e-15   0.000000000000e+00  -5.332539965153e-15   8.941467510440e-01   9.000202780363e-02   1.293535372428e-01   2.084959363644e-02   1.258244945744e-14   1.998683336890e-14
   7.883869843145e-02   9.968548565650e-02  -4.471948264784e-17  -4.451282595532e-16  -2.428612866368e-17  -2.595401403501e-16   1.444604468759e-14  -1.073456243709e-14   1.425248807863e-14   1.785164344725e-14   2.955397863740e-01  -2.961153268407e-01   7.712729884051e-16  -2.818164279534e-17  -7.077671781985e-16  -1.663879748387e-15  -8.990700262966e-16  -2.353513267957e-16  -1.093397889775e-15   1.249000902703e-15  -3.227485735220e-15  -1.651622071469e-16   0.000000000000e+00  -1.137978600241e-15   2.532044237712e-14  -2.337201491039e-14   4.976337005465e-15  -1.087324674742e-14  -3.571086304545e-01  -8.254045296181e-01
   9.968548565650e-02  -7.883869843145e-02  -3.129049711666e-16   2.904916644570e-16  -1.249000902703e-16   3.312274392891e-17  -1.227909564429e-14  -2.257389364306e-14   9.360567876371e-15  -3.266059325588e-14  -2.961153268407e-01  -2.955397863740e-01  -9.382288452322e-16   4.999259232508e-16   1.110223024625e-15   3.510175335703e-15   1.837100608999e-15   3.485393253922e-16   1.055010335651e-15  -4.281297538711e-15   7.851548977251e-16  -3.742789020086e-16   0.000000000000e+00   1.221245327088e-15  -4.841831777868e-15   1.807139681525e-14  -8.086722522387e-15   2.112199304349e-14   8.254045296181e-01  -3.571086304545e-01
  -1.942890293094e-16  -5.476020115725e-16   1.113009826645e-16   1.974067080698e-16  -3.677613769071e-16   1.012304007892e-15  -2.358035836249e-02  -2.415544765601e-02   3.550834339428e-01  -2.191127915574e-01   1.723476317514e-14   1.960931417244e-14  -2.276740828810e-16  -4.093123174300e-17   5.551115123126e-16  -6.018667327896e-16  -1.425773164682e-16   1.177610241547e-16  -4.400474968515e-16   7.216449660064e-16  -5.361859180552e-15  -2.448536534329e-16   0.000000000000e+00   1.665334536938e-15   2.881802195052e-02  -1.160088412248e-01   2.655885966007e-02  -8.998732788040e-01   2.750086545778e-14   4.603956105242e-15
   1.301042606983e-17   8.826031963571e-16   1.074134136903e-15  -1.937838832000e-16  -4.909267437014e-16   1.587752852652e-15  -5.223728966366e-02  -1.983314736573e-01  -2.037701874795e-01  -3.027338472268e-01   3.325575752557e-14   1.027823659516e-14  -1.956754784205e-16   9.381663873362e-17   5.100087019372e-16   1.563349986519e-15   4.644626621506e-16   3.777484873227e-16  -1.344099682656e-15  -2.078198724220e-15   3.522032430005e-15   1.506758251972e-15   0.000000000000e+00  -1.065120214250e-15  -7.525218948399e-02   8.932955546666e-01  -8.202430206983e-02  -1.199916431427e-01  -2.457378429895e-14  -1.570098218107e-14
   1.110223024625e-16   7.007669328515e-17   6.576344058189e-16  -2.976659370031e-16   1.026956297778e-15  -1.276518561238e-16   2.669286844804e-16   2.056689947597e-18  -2.775557561563e-16   2.718005816995e-16  -1.854617574348e-18   0.000000000000e+00  -2.305317909456e-16  -8.945855031558e-16  -1.332267629550e-15  -5.382724942180e-16   4.625036331208e-16   2.205668416523e-16   5.539939566682e-16   1.554312234475e-15  -1.888392486594e-15   7.720968128141e-16   0.000000000000e+00   1.000000000000e+00   5.966022768305e-15   1.943242794101e-15  -2.615439559750e-16   1.415534356397e-15  -1.779975433844e-15  -3.747002708110e-16
   0.000000000000e+00   0.000000000000e+00   0.000000000000e+00   0.000000000000e+00   0.000000000000e+00   0.000000000000e+00   0.000000000000e+00   0.000000000000e+00   0.000000000000e+00   0.000000000000e+00   0.000000000000e+00   0.000000000000e+00   0.000000000000e+00   0.000000000000e+00   0.000000000000e+00   0.000000000000e+00   0.000000000000e+00   0.000000000000e+00   0.000000000000e+00   0.000000000000e+00   0.000000000000e+00   0.000000000000e+00   1.000000000000e+00   0.000000000000e+00   0.000000000000e+00   0.000000000000e+00   0.000000000000e+00   0.000000000000e+00   0.000000000000e+00   0.000000000000e+00
