ARMA_MAT_TXT_FN008
42 42
  -9.124017758258e-01   1.734553799812e-01  -1.804114437468e-15  -9.155986356140e-16   1.054714040370e-15  -5.099893326733e-16  -1.077610122883e-14  -1.372514595679e-15   1.362798612861e-14   2.593744723570e-15  -6.871460191029e-02   3.614277598835e-01   1.068529130422e-16  -6.938870109175e-16  -3.191894107998e-16  -5.787788581534e-17  -2.879629910284e-16   2.748985083729e-16   2.668634179320e-16  -1.387841835714e-17   1.923422870533e-16  -9.575631373203e-16   4.232685563706e-16  -6.371539538401e-17   1.060782080781e-15  -3.318301599227e-16   8.909150372188e-17  -5.443777536909e-16   4.485347213200e-02   8.524935964584e-03   3.185448864194e-16  -1.982989912837e-17   3.400539261938e-16  -6.591939540392e-17  -9.645070854049e-16   5.297454989004e-17   3.330676241669e-16  -3.076088957683e-16   1.702196662577e-16  -5.290954626192e-17   5.195500039797e-16  -8.239881731512e-17
  -1.734566901693e-01  -9.123948840881e-01  -1.182214032516e-15  -1.746455221182e-16   1.046471919352e-15  -7.328349118134e-16  -1.977367930301e-15   1.459791184722e-14  -4.400559765560e-15   1.799204738064e-15   3.614465649971e-01   6.871102687036e-02  -6.053650236219e-16  -4.423545056242e-16  -1.683765950310e-16  -1.042378443809e-16   4.399692326471e-16   9.786177073948e-17  -4.292962110440e-16   7.661514702881e-16  -8.431175032551e-16  -2.090342130067e-16  -3.235258961378e-16  -1.581004263126e-16   4.044074210546e-16   1.512159799112e-16   2.940337495331e-17   7.233695238159e-16   8.527093011131e-03  -4.484212582362e-02  -7.314277781614e-16  -1.192070766273e-17  -4.828886655042e-16   3.450172155614e-17  -1.973247280214e-17  -3.731295463933e-17  -2.949029967148e-16   1.567779171837e-16  -5.118111819958e-17  -5.963111560149e-17  -1.489287235305e-16   1.211866933979e-16
  -1.401654321118e-15  -3.851091295489e-16   7.774659683304e-01  -3.714291117523e-01   1.547839754060e-01   5.359427540433e-02  -4.406206077137e-16  -1.683632376055e-15  -4.857099619749e-17   1.403905305886e-15   3.122426893505e-17   1.388074654385e-17   4.051740601146e-15   1.956766078572e-15  -2.227384698092e-15  -4.610227956373e-15   2.034433013146e-01   4.144918596356e-01   2.231179128178e-02   8.490348296640e-02  -6.409099750989e-16  -1.387814304079e-16   1.144950916625e-16   7.469510242550e-16   1.431258347997e-17   5.859112750905e-16  -9.448693158358e-16   1.288030858795e-16   2.323443003825e-16   5.355966163549e-17  -4.696051175407e-16   5.804617770137e-17   1.854686011084e-16  -8.439515894834e-17   1.273287732137e-15  -7.320788088906e-16   5.273553335261e-16   3.148224063590e-16   7.836314971685e-04  -9.753507828698e-02   4.171110666873e-04  -1.853866424534e-02
  -1.471041843350e-15  -4.302122663973e-16   1.478031024946e-01  -7.061193326508e-02  -8.141863823218e-01  -2.819137390263e-01   2.359210153452e-16   6.981029188570e-16  -1.665313975471e-16  -1.816050490957e-15   1.255938567884e-15   4.718496093901e-16  -5.708222518119e-15  -8.326999144646e-17  -1.450228426367e-15  -5.383330020706e-15   3.867632210107e-02   7.879846890990e-02  -1.173633948638e-01  -4.466051564059e-01   5.506898806707e-16  -3.816449564348e-16   1.137984049443e-15   5.295512180259e-16   3.868451527183e-16   5.246991452240e-16   1.294356017191e-15   4.225133710595e-16  -1.527644532386e-16  -2.264355025609e-16  -6.469101640173e-16   8.322282335861e-17  -3.159523909444e-16  -8.634897617635e-17  -6.106215210079e-16  -1.873487771572e-16  -1.221246310498e-15   2.735365705075e-15   1.489756606711e-04  -1.854232693711e-02  -2.194059008887e-03   9.751581210469e-02
   1.817989309078e-15   3.278629429043e-16  -3.714289464421e-01  -7.774656222869e-01   5.359493547201e-02  -1.547858815859e-01  -3.243929540522e-16  -1.887755304088e-15   1.144916992635e-15  -4.951871537954e-16   2.827602262791e-16  -9.367518536197e-16  -3.354599924685e-15  -1.484922499175e-15   2.086872244147e-15   1.499075233677e-15  -4.144916492695e-01   2.034431980525e-01   8.490467521616e-02  -2.231210454903e-02   5.755573384145e-16   1.370445672471e-16   7.788895116113e-16   7.843169556519e-16  -7.138391536851e-16   7.305451429192e-17   8.779681712955e-16  -4.256577203415e-16   1.227859855811e-16  -3.312240592195e-17  -4.542901118947e-16   1.083976043238e-17   3.001147406438e-16  -5.119105907309e-17   7.424613690448e-16   1.306833500866e-15  -4.440889699888e-16  -1.125285589344e-15   9.753505423354e-02   7.836313042940e-04  -1.853879076515e-02  -4.171139153223e-04
  -6.591936144049e-16  -5.724590481197e-16  -7.061280281537e-02  -1.478049227223e-01  -2.819136135408e-01   8.141860199380e-01  -1.599415535946e-15  -8.075874890446e-16   3.781704508639e-16  -3.297092085468e-17  -1.266352518366e-16   1.942907492372e-16  -7.133890982860e-15  -7.077683421628e-16  -6.716849156526e-15  -3.246187617114e-15  -7.879957545924e-02   3.867686527161e-02  -4.466049297473e-01   1.173633353086e-01  -5.830703681895e-16  -6.834831145216e-16  -1.526537230208e-16   3.871926694349e-16  -1.665328056532e-16   8.151477994413e-16   1.921521993234e-17   1.273964580869e-15  -3.459148340304e-16   4.637539699530e-16   1.021656006036e-15   2.786189115663e-17  -7.105795502448e-16   5.942717675605e-17  -1.639313277437e-15   3.054549033310e-16  -1.387782287043e-16   1.293327427267e-16   1.854245346093e-02   1.489766752087e-04   9.751578805202e-02   2.194058467334e-03
   2.437285225860e-16  -2.404760128719e-16  -5.546779266971e-16  -5.347178696102e-16  -6.444496692651e-16  -2.787316511703e-16  -6.761139716324e-02   1.566971977321e-01  -9.234517838968e-02   8.929400030275e-01  -1.122235980478e-14  -5.860763429185e-15   1.299747662901e-16   8.474125300831e-16  -1.575454190555e-15  -1.111327256898e-15  -6.908535722181e-16   6.154749312374e-16  -1.214652975061e-15  -1.723230962646e-15  -4.139158420672e-16  -1.845310109366e-16  -7.849642435027e-17  -5.664824399257e-15   1.720897919365e-02  -3.986889168393e-01   4.264833681864e-02   6.274810123990e-02  -1.915453189263e-15  -1.705594017080e-15  -2.925340350890e-16   1.045306993016e-18   1.080509676034e-15   8.313856177914e-18   7.611095328707e-17  -2.974087431094e-16  -1.856153781706e-16  -5.812681567856e-16  -3.540428348173e-16  -1.154677575553e-17   2.505863792068e-17   1.211867236296e-16
   2.636772536057e-16  -9.974643517140e-17  -6.557260151578e-16   2.023361848852e-15  -9.089945214966e-16   3.034663604238e-16   3.556408423303e-01  -8.242385971698e-01  -1.755587585412e-02   1.697581217075e-01   3.228233676586e-14   1.349614770216e-14  -2.366655853170e-15  -3.851079748842e-16  -9.011889237048e-16   9.965071325285e-16  -2.020949889735e-16  -1.521269564838e-16  -5.834657774035e-16  -1.821026137651e-15  -9.186638334026e-15   1.700030136172e-15   1.784162032138e-15  -9.221998746352e-15   3.271582401509e-03  -7.579436477721e-02  -2.243361927007e-01  -3.300637532365e-01  -2.519428279228e-15  -3.891953785941e-15  -4.786291474310e-16   2.147373520114e-17   1.617573015395e-15  -7.296292498152e-17  -5.568464586481e-16  -6.535505920426e-16  -4.302112302214e-16   9.772291211280e-17  -3.406834476729e-16   1.907110336196e-16  -3.770854291710e-16  -5.269207898499e-17
   3.442913160227e-01  -6.545523199824e-02   2.776196686415e-17  -4.091481815648e-18  -3.885849065836e-16  -3.491405785639e-17  -2.506328795351e-14  -2.953374226464e-15   2.987888188623e-14   5.139786824901e-15  -1.552237104207e-01   8.165046471932e-01   4.023656575831e-16  -2.164942417506e-15   1.089407263212e-15  -1.670312951291e-16  -3.469796459149e-17   4.701656802535e-16   6.449942321023e-16   4.822551189505e-16   1.936440299710e-15  -5.134914891960e-16  -4.579544462855e-16   1.451217090577e-16   8.474128366643e-15  -2.318310471108e-15   1.027167186192e-15  -4.120619273252e-15   4.241491612247e-01   8.063716378265e-02   3.952557063404e-15   9.324503034463e-17   2.681495811760e-15   5.251978660092e-17  -5.689866684703e-16   9.445921949815e-16  -1.221247592216e-15  -1.857755182094e-15   2.936021847593e-16  -2.393903220409e-16   1.462370869759e-15   2.688804076672e-16
   6.545321777491e-02   3.443019110648e-01  -3.816438230546e-17  -3.412566195591e-16   1.769422936719e-16   1.955439486362e-16  -4.373237651699e-15   3.328311480862e-14  -1.041094328626e-14   3.562098292416e-15   8.164942439880e-01   1.552256881739e-01  -1.196104188065e-15  -7.875639100265e-16  -2.037866470481e-15  -8.064851371624e-16   1.024354467307e-15  -4.604204025738e-16  -7.571969820023e-16   2.189220881448e-15  -3.659450841918e-15  -1.898653872132e-15  -1.856155034117e-15  -8.873887393527e-16   5.385231885598e-15   2.099250752894e-15   5.903766955368e-17   4.184790029021e-15   8.063499159465e-02  -4.241605871788e-01  -7.829742767645e-15  -3.639429992547e-17  -4.517275273107e-15  -1.004247035888e-16  -5.984797910230e-16  -5.843834190258e-16  -7.875642929968e-16   9.120541492767e-16   4.479516628556e-16   3.657012821640e-16  -2.454632974711e-16   3.313323100856e-16
   1.249022182772e-16   4.406192725442e-16   6.661354262070e-16   9.212041590386e-16   8.326500026265e-17  -5.530235810628e-16  -1.566948649591e-01  -6.761039067903e-02   8.929404834502e-01   9.234522808339e-02   1.955380230764e-14  -3.434752202288e-14  -2.293965441821e-15  -2.289836884185e-15  -1.401656336553e-15   6.545906923808e-16   3.677604956911e-16  -7.845057557121e-16  -5.925594390994e-16  -4.492928778745e-16  -1.447238030316e-15   6.904165799338e-16   3.164590113585e-21  -2.113597602319e-15  -3.986887773360e-01  -1.720897317640e-02   6.274870873152e-02  -4.264874974280e-02   8.009705966351e-15  -3.560248813535e-15  -3.427404725368e-15  -1.636767061101e-16  -1.458531268904e-15  -4.585751565865e-17   1.151857051569e-15   6.516809494664e-16  -1.942896004186e-16  -2.295456520890e-15  -5.899685525416e-16  -3.838071864148e-16   2.573893384510e-16   8.808054084609e-16
   1.665319053343e-16  -1.127566691520e-16  -1.630651792361e-16  -1.318064353822e-15   6.071544728722e-16   1.687316619354e-15   8.242390406533e-01   3.556410336730e-01   1.697555946298e-01   1.755561445959e-02  -1.132427433197e-14   1.741662166043e-14  -9.284675919716e-16  -2.157994624642e-15  -7.823604564972e-16  -1.218369292488e-15  -8.066400045116e-17   7.797840976191e-16  -1.187304010369e-15  -9.640729373281e-16   1.073489419288e-15  -8.673592906678e-16  -1.047775282078e-15   1.097015364123e-16  -7.579509858000e-02  -3.271614052893e-03  -3.300636377463e-01   2.243361141997e-01   4.851235670867e-15   2.136379672103e-15  -1.629315423319e-15  -8.749094355371e-17   1.245490724969e-15  -2.578386770528e-17  -1.040882364022e-17   4.632089208763e-16   1.804116570465e-16   1.506680002625e-16   5.296869279903e-16   1.734695634330e-17  -5.249705047055e-16   3.573533536286e-16
  -2.887882209815e-17  -2.399618660852e-17   4.201936613452e-17   1.217532632957e-15  -1.367903402692e-16  -3.433395508088e-16  -8.534593418347e-16  -2.053912595557e-15  -1.288877454203e-16   3.053113317719e-16  -7.843717671537e-16  -3.063757186047e-16  -1.689800373824e-01  -2.659047564387e-11  -2.172895339628e-10  -8.888622819763e-01  -6.605752622907e-15  -6.495484583119e-15   1.010922961208e-14   9.165126296745e-15   1.117161918529e-15  -9.321143084847e-17  -4.372503536396e-16  -1.207367539280e-15  -5.442127407039e-16   1.527207180163e-15  -1.266348137463e-16   1.639097373420e-15   5.948179017945e-16   9.775241040333e-16   3.703634621210e-16  -2.800766402663e-26  -3.095614042881e-15   1.473278801476e-25  -1.704886378865e-11  -4.183813137712e-01  -4.725766568118e-11  -7.954034783227e-02   6.824751987260e-16  -2.494939148146e-15  -2.059817650006e-15   3.178486946461e-15
  -1.142666864961e-16  -4.750243634113e-17  -9.618712591639e-17  -1.117340184359e-15   6.583381582050e-17   3.376380408477e-16   1.447849200846e-15  -1.700029006457e-16   1.579784146374e-15   3.321995456496e-16   9.663326124268e-16  -3.450099460165e-16   8.888568545050e-01  -1.928345539851e-11  -1.575680697340e-10  -1.689810691947e-01  -1.053448724671e-14  -4.330311085486e-15  -1.150156624879e-14  -7.727220479309e-15  -1.321859288694e-15   6.320975352789e-17   1.176748141465e-15   3.209238430558e-17  -4.131294679952e-15  -1.046363516666e-15   5.353790327733e-16  -3.699617401841e-15   2.226160289903e-15   7.150381258902e-16  -2.293738116110e-15   7.511673890640e-27  -1.584236214436e-15  -3.952910744693e-26   3.107641522170e-11  -7.953815575468e-02   1.538435248260e-10   4.183928443848e-01   2.228572331935e-15   1.959621802288e-15   4.893676073182e-16  -9.419338750814e-15
   7.077647863150e-16   3.677619280658e-16  -4.057165578297e-01   1.938283434084e-01  -8.078164897678e-02  -2.797081501184e-02  -1.040744175642e-17   4.350068574780e-16   4.822517841574e-16  -1.080759829091e-16  -2.879632949547e-16  -7.910370538959e-16   7.616033966813e-15   3.524960234175e-15  -2.978520469061e-15  -6.029433321844e-15   3.267497972096e-01   6.657143794159e-01   3.583059113818e-02   1.363468287219e-01   1.587413750420e-16   4.440929904358e-16  -9.853264913599e-16   8.902050111354e-16   1.769406081145e-16   2.543719855090e-16   1.672474928452e-16  -5.791264497261e-16   2.375489356418e-16  -8.161197119011e-16  -9.825978482875e-16  -1.701085129305e-17   4.005362463616e-16   2.827439226556e-17   5.870303496907e-15   3.973799921771e-16   4.857226374663e-15   9.302630768909e-16   3.707914851510e-03  -4.615074389307e-01   1.973618794912e-03  -8.771825805959e-02
   1.013074382636e-15   2.151066620775e-16  -7.713027761664e-02   3.684846883361e-02   4.249233059134e-01   1.471305840658e-01  -1.172671518312e-15  -2.908402922317e-16  -2.567413904268e-16  -8.800891562813e-16   9.089964854086e-16   7.077617446739e-16  -9.883893760739e-15   8.327040399451e-17  -2.858824738450e-15  -9.025680159272e-15   6.211794797340e-02   1.265580315351e-01  -1.884743257019e-01  -7.172049326473e-01   1.064263878726e-15   2.498067041613e-16   2.043498116881e-15   7.227743012334e-16   1.446757331702e-15   1.458689768136e-15   1.526440147440e-15   9.623380910963e-16   2.324533593113e-16  -2.000625423520e-16  -9.465235629984e-16  -2.487109654986e-17   2.329862435103e-16   2.275205071827e-18  -4.475587854939e-15   4.510739489429e-16  -3.580468146732e-15   1.242939751825e-14   7.049092163135e-04  -8.773686312916e-02  -1.038149414294e-02   4.614095738118e-01
  -8.049090012961e-16  -2.012285434254e-16   1.938282571408e-01   4.057163772460e-01  -2.797115949539e-02   8.078264379542e-02   3.122401082207e-17   8.083083683016e-16  -2.532681171719e-16  -1.905865215409e-16   9.402192214341e-16   3.543362601383e-21  -2.945121977913e-15  -2.289837386266e-15   3.984660117803e-15   4.374610561155e-15  -6.657140415594e-01   3.267496313664e-01   1.363487434280e-01  -3.583109423303e-02   2.889283901361e-15  -4.302156762888e-16   2.158000006769e-15   8.607623459800e-16  -1.534361579421e-15   5.641026426394e-17   1.303686415190e-15  -6.564845737759e-16   1.333541704614e-17  -4.989768558333e-16  -2.423042347415e-16   7.463254032831e-17   2.436147126408e-15  -4.920147180243e-17   3.445161662528e-15   1.995770995236e-15  -4.302114942776e-15  -2.753213338261e-15   4.615073251071e-01   3.707913938809e-03  -8.771885665400e-02  -1.973632272465e-03
   4.544972595477e-16   3.642919970463e-16   3.684892261083e-02   7.713122750752e-02   1.471305185761e-01  -4.249231167885e-01  -3.278626275144e-16  -1.073945905190e-15  -7.736868336641e-16   3.342908918576e-16  -5.872037989856e-16   9.540940787674e-17  -9.735381909983e-15  -8.326670090686e-16  -1.102568560462e-14  -4.928890576646e-15  -1.265598086984e-01   6.211882032736e-02  -7.172045686426e-01   1.884742300585e-01  -2.068620090340e-15  -8.851421934156e-16  -4.245740037310e-16   2.612508311238e-16  -1.309717668581e-16   1.594989312312e-15  -1.147952703327e-15   2.487681573105e-15  -1.571191877876e-15   8.273478919327e-16   1.260403051249e-15   5.107578446651e-17  -1.412321560865e-15  -3.367364940314e-17  -7.686126131968e-15  -5.936603663481e-16  -2.307181441646e-16  -8.632713663603e-16   8.773746185440e-02   7.049140172219e-04   4.614094600130e-01   1.038149158072e-02
   1.036506772031e-16  -1.209971812446e-16  -1.348740312387e-16   4.082985957631e-16  -3.157204430271e-16  -1.414487636269e-16  -3.459692701584e-16  -2.557918163321e-16  -1.666418206307e-15  -1.561644424654e-15  -9.254752928289e-16  -3.282951678196e-16  -1.148160632834e-10  -1.689810565720e-01  -8.888620882166e-01   2.441720080183e-10  -2.955210254741e-15  -2.742015962961e-15   1.327211161675e-14  -7.343841173613e-16   1.316239663879e-15  -3.774122770332e-16   1.753169033264e-16   1.393112077781e-15   1.689106140552e-15   4.654275515773e-16   1.236457787695e-15   7.501323222315e-16   1.535652003513e-15   2.187712492400e-15  -1.712217777231e-15  -4.725896193750e-17  -6.134873297426e-16  -1.562934825435e-16   4.183811998195e-01  -1.405738656737e-11   7.954094724543e-02  -6.299368502792e-11  -1.348623809161e-15   4.153185670240e-15   5.892171130466e-15   5.847495144751e-15
  -4.163729167825e-17  -1.110213972798e-16   5.550817656266e-17  -8.493745466474e-17   9.714770189204e-17   7.948880274171e-17   1.495333112907e-15   1.901216644876e-16   1.935949194918e-15  -8.632313823379e-16  -3.469315227907e-17   1.887373970421e-15  -7.599117677621e-12   8.888566607469e-01  -1.689820883924e-01   1.616273490292e-11  -5.044574241435e-15  -3.034487286728e-15   1.813620567630e-15  -8.031778968034e-16   1.758048358267e-16  -2.774936665790e-17  -1.904732218388e-15  -9.150415168112e-18  -7.728212570621e-16   2.810463779677e-16   1.754316705553e-16   4.369337065986e-16  -3.683030844093e-16   9.109995765176e-17  -8.689702828074e-17  -2.707391189912e-16   5.342188292312e-16  -2.185572611709e-17   7.953875515393e-02   1.534011363373e-11  -4.183927304304e-01   1.508512228772e-10  -3.921505157822e-15  -2.603386962927e-15   1.822761167347e-15  -3.632943833857e-15
   6.544953064217e-17  -5.683338333514e-17   7.645202920485e-17  -4.347754063770e-16  -8.234642924427e-17  -6.942829177971e-17  -9.120643713976e-16   2.029985440872e-15  -1.004982185763e-15  -1.899439699868e-15  -2.459177274376e-16  -3.826023293377e-17   6.590216978582e-16  -2.559973204730e-16  -1.825266627800e-15   5.716137389755e-16  -8.937263097491e-16   1.999752495436e-15  -3.530425749178e-16  -1.039946711605e-15  -1.867644930490e-01  -4.142728200490e-16  -4.229862338218e-16  -9.824047150417e-01   2.185033292097e-15   1.457956723524e-14   8.837317361078e-15   1.798981208645e-14   5.450000554132e-16   2.024914252137e-15  -2.163360516060e-16   8.227659101512e-32   4.263157710345e-15   1.360385753312e-31   1.748992495753e-17   2.414413718221e-15   4.274904023321e-17  -1.815566784887e-15   2.292429201924e-16  -1.076304947542e-16  -5.477517548137e-16   3.123635165717e-16
  -4.550495833818e-17  -6.960644713073e-17   1.722980873135e-18  -3.571029795565e-16  -6.715159659370e-18  -6.067578190781e-16   5.505661680606e-16  -1.579463408545e-15   1.425977249798e-16  -3.665125190447e-16   2.041747609632e-16  -7.830950825868e-17   2.780507547596e-15   2.966087572266e-17   1.510611216070e-15   1.001130401287e-15   8.386398083341e-16  -4.168707778925e-16  -2.109813671220e-15   9.847692286215e-16   9.824047150417e-01   1.099777939420e-16   4.899175757063e-16  -1.867644930490e-01  -1.597717352267e-15  -2.149036395900e-15  -6.319510522584e-15  -1.365985241234e-14  -2.792258463501e-15  -8.887791610133e-15   4.670534085106e-16   2.954250552568e-31  -4.432572073710e-15   3.509724389962e-32  -5.729325828339e-17   8.388063542747e-16  -7.674305012059e-17  -9.286582331262e-16  -3.182313228119e-15   3.942017291106e-16   1.198528150101e-15  -5.549405394625e-16
  -4.336795482649e-17   4.792170559046e-17   3.224418261093e-16   1.782902710145e-16   4.241397827174e-16  -8.164210814278e-18   3.005786058293e-02  -6.966255277631e-02   4.105064980608e-02  -3.969429482008e-01   5.286027647666e-15   2.673642731220e-15   1.397057662066e-16  -2.450298086489e-16   7.750419374024e-16  -1.025513621327e-15  -3.795254522881e-19   8.248111684394e-16  -1.259265323085e-15   3.272393518917e-16  -1.685228330044e-15  -1.052109996933e-15  -1.103175514096e-15  -8.463563393731e-15   3.871232881808e-02  -8.968676335261e-01   9.593209830771e-02   1.411440038651e-01  -3.840391491909e-15  -3.053436032905e-15   9.635850528691e-17   2.067260512858e-17  -2.866522812278e-16  -2.828674438644e-17   2.583654188841e-16  -1.198326540519e-16  -1.960237882308e-16  -1.934746130077e-15  -7.512555400764e-16   7.437629278105e-17   1.706872872982e-16   7.228915276156e-17
  -1.734658630989e-17  -3.729670415498e-17   2.654131828627e-16  -8.596868833994e-16   3.868428090151e-16  -1.034051718456e-16  -1.581065222063e-01   3.664300680790e-01   7.804198605824e-03  -7.546340084463e-02  -1.400702492422e-14  -5.988264585405e-15  -2.391848388474e-15  -8.673675151941e-17  -1.915568327641e-15  -1.379982573490e-15  -1.123667400090e-15   2.161005922462e-16  -3.221026056677e-15  -1.153590958431e-15  -1.650921521186e-14   2.157561298313e-15   2.214375481404e-15  -1.635914302804e-14   7.359563414633e-03  -1.705026392709e-01  -5.046162006889e-01  -7.424371214391e-01  -5.732048201893e-15  -8.021391824661e-15  -5.158738497671e-17   1.077932953094e-16   4.086792740755e-15  -2.086256017772e-16  -1.360890364715e-15  -8.769724855924e-16  -1.530026279841e-15  -5.194339257071e-16  -8.771737494830e-16  -6.037920732569e-16  -6.745364600158e-16  -3.439632722218e-16
  -1.187659432815e-01   2.258281774809e-02  -5.551456436252e-17   2.662930494003e-16  -5.550749419887e-17   4.144429227376e-17   1.199734925412e-14   1.183122883094e-15  -1.528638579949e-14  -2.166926569371e-15   7.787838643547e-02  -4.096449629023e-01  -5.549942823484e-16   1.137982615887e-15   1.647986810709e-15   4.516673170401e-16   1.769436610299e-16  -5.724408805458e-17  -4.243494203547e-16  -8.760364194959e-16   3.671635965907e-15  -8.951101894532e-16  -3.191958224143e-16   3.868882041699e-16   1.752677640381e-14  -4.901570088391e-15   2.429882144710e-15  -8.787892023715e-15   8.849884266371e-01   1.682442066532e-01   8.514430677153e-15  -2.426835481607e-16   5.171407538732e-15  -6.980900505802e-17  -2.706182676378e-16   1.699396609628e-15  -9.714439368958e-16  -3.978350080318e-15   3.601718354277e-16   8.725650979459e-16   2.684918804917e-15  -1.239458999118e-15
  -2.257859198904e-02  -1.187881712513e-01   3.903124957482e-17  -3.403013113068e-16  -1.786764873447e-16  -1.275738319690e-17   2.455501094459e-15  -1.658353027246e-14   5.603156806186e-15  -2.281410273832e-15  -4.096491063336e-01  -7.787759872779e-02   4.305857520340e-17   5.551118492075e-17  -1.134509157412e-15  -1.899421863647e-16   3.705803182145e-16  -1.721336089036e-16  -6.042102796214e-16   1.664250245490e-16  -7.053103032233e-15   1.308198401089e-15   1.283912156424e-15   6.876002535800e-17   1.074276299721e-14   4.142158812243e-15  -1.815962379762e-16   7.124800697395e-15   1.682451384254e-01  -8.849835254101e-01  -1.733692365049e-14  -1.236589501553e-16  -9.020695544898e-15   1.842451509056e-16   2.827599147937e-16  -9.056550230350e-16   1.162264830389e-16   1.040314189086e-15   8.099871132138e-16   1.300988390074e-15   6.437179394310e-16   6.728287709461e-16
  -7.633184818377e-17   8.500237554966e-17  -1.734753881364e-16  -6.322053157406e-16   4.996036188958e-16   2.636511275823e-16   6.966151583401e-02   3.005741319002e-02  -3.969431617930e-01  -4.105067189952e-02  -8.604227094436e-15   1.539046139291e-14  -1.434345769705e-15  -6.383746618788e-16   4.666401772198e-16   5.213722487562e-17   8.864453589511e-16  -3.590927206591e-16  -3.188971961720e-16  -2.567400224073e-16  -2.294420935882e-15   2.074735623715e-15  -1.077269249705e-15  -2.142581384078e-15  -8.968673197047e-01  -3.871231528191e-02   1.411453703285e-01  -9.593302712015e-02   1.846239130658e-14  -8.965593157702e-15  -8.237713699253e-15  -5.533466271254e-16  -2.772709337747e-15  -1.764808687553e-16   2.421672720496e-15   1.873661451768e-15  -4.857214956732e-16  -5.345551908989e-15  -1.531598311449e-15  -6.299221842099e-16   2.450345458043e-17   1.553879377155e-15
  -1.942891394043e-16   3.165872880561e-17  -1.224714857409e-15   6.640566378018e-16  -9.263422468448e-16  -1.946239262016e-16  -3.664302652120e-01  -1.581066072602e-01  -7.546227732553e-02  -7.804082391848e-03   4.927482070430e-15  -7.884318343252e-15   2.817104364122e-15   4.961310122158e-16  -4.930951600511e-16   3.839051254364e-16  -7.671814116600e-16  -1.280020601260e-16   2.853048646744e-15  -1.014813259439e-15   2.406852277321e-15  -2.003605440738e-15  -2.525323863877e-15   1.662509623612e-15  -1.705042900069e-01  -7.359634616435e-03  -7.424368616608e-01   5.046160241124e-01   9.587681137483e-15   3.948091714279e-15  -1.756376577201e-15  -5.259116953275e-17   1.393830808393e-15  -4.153233729962e-16  -2.350550653229e-16   9.802507519326e-16   6.591952163412e-17  -7.136911843113e-16  -4.309706719956e-18  -1.880548866142e-16  -5.371679530464e-16   8.175968808524e-16
   6.175683593264e-16   4.371487485980e-16  -2.636728176299e-16  -2.277389812005e-16  -2.151112298082e-16   1.865729408970e-16  -2.480680138636e-16   5.039221300296e-16  -4.059214766220e-16  -4.475109987773e-16   2.503203694997e-15   5.481815728992e-16  -5.264882397050e-16   5.204109828254e-16  -7.060317130523e-16  -2.244853423751e-16   1.424205157092e-15  -1.122666582960e-15  -1.201909940667e-16   1.708704229700e-15  -7.608024923357e-16   1.867653717348e-01   9.824045479947e-01  -3.738412532045e-16  -1.026952923873e-15  -4.346832304816e-16  -2.696876422246e-16   4.872702318614e-15  -3.352963368538e-17   7.476118329477e-16  -4.965965149322e-16   7.354879625653e-16  -9.105944026012e-16  -4.705175640657e-16  -1.356551637362e-15  -2.116324151873e-16  -3.816393472620e-15  -1.653656595463e-15  -6.576768472741e-16  -8.621563444885e-16   1.122798947412e-15  -2.417989080181e-15
   8.881891004333e-16  -5.481750795563e-16  -3.053032437931e-16   8.896860150187e-17  -2.082534765453e-17  -1.844184873840e-16   3.434712333987e-16  -3.416705229233e-16  -3.677553835983e-16   1.355545188344e-16  -1.575132497700e-15  -6.938753294925e-16  -2.618252611215e-16   5.134686331509e-16   5.169487604578e-16   6.831860348650e-17   8.812351028626e-16   2.936798523931e-16   6.992728191835e-16   1.058206536609e-16   1.981192824702e-16  -9.824045479948e-01   1.867653717348e-01   2.966805583851e-16  -2.082096554126e-15   1.994563275227e-16   3.512532093324e-16  -3.151396872969e-15  -6.939988807437e-16  -3.595075347008e-16  -2.877597905490e-16   1.037346115340e-15   3.323416131902e-16  -1.205592741488e-16   6.834843798279e-16  -2.727715128149e-17   1.665305872252e-16   1.137430084912e-16  -9.618496580982e-16   6.275381379783e-16  -1.001587258348e-15  -1.154460663942e-15
   2.929968855549e-17   7.747982964780e-17   7.625150235257e-17  -2.979792868632e-16  -1.858922243986e-18  -2.354623255733e-16  -3.413064499002e-16  -4.732505425208e-16   1.233214621058e-16  -1.206720829625e-15   4.129161393922e-16   1.340145424500e-17   3.999844375350e-16   1.439829761654e-17   1.328954869763e-16  -1.647906411469e-15   3.566915345151e-16  -7.505550293297e-16  -1.738541474912e-15   4.536231095238e-16   4.821182786763e-15   5.743192973519e-16   7.166280567848e-16   3.335866468040e-15  -3.992002876804e-16   8.998132642636e-16   4.118197956585e-15   2.270277929318e-15  -2.968353677727e-15  -6.984489358496e-15  -1.867645324273e-01   7.665377750221e-27   9.824047075555e-01  -4.246865551067e-26   8.906524115055e-16  -3.645013741801e-15   8.466451265969e-16  -1.887461213976e-16  -2.474763098426e-15   2.827466776369e-16   5.048374611336e-16  -2.756320349978e-16
  -8.607639888989e-17  -1.277216086561e-16  -6.033239909223e-17  -5.814330445980e-16  -1.954084451503e-16  -9.609901372134e-16   8.584470564625e-16  -8.353447197628e-17   7.253877452471e-17   2.683734690218e-16  -2.842202891752e-16   8.373860400198e-17   4.980070554194e-16  -2.509567112569e-16  -8.005072715968e-16   1.301567827390e-16   7.711154436148e-16   4.720642507300e-16  -5.103696418753e-16   2.942845445173e-16   4.577478278828e-16  -5.310139337771e-17   6.916186689933e-16   2.750913137963e-16  -9.023476063688e-15  -2.845935411568e-16   3.542400840909e-16   5.032375684425e-16  -6.183988996814e-15  -2.217158247561e-14   9.824047075555e-01   1.099770556141e-25   1.867645324273e-01  -5.932939049288e-25   2.992560229608e-15  -1.720394556334e-15   1.299424512632e-16   4.994882590842e-15   9.060282749421e-16  -1.488975956442e-15  -3.676288605169e-15   2.137852531089e-15
   1.778091562876e-17   2.797241605013e-17  -3.295974604356e-17  -6.361947786798e-16   5.030698080333e-17  -1.621896967901e-16   3.330669073875e-16   1.042796748385e-15  -1.665334536938e-16  -3.411919167710e-16   1.769417945496e-16   2.498001805407e-16   7.954040766312e-02   1.251698744653e-11   1.022763956859e-10   4.183813023965e-01   1.332267629550e-15   1.469389407892e-15  -6.069442966399e-15  -2.775557561563e-15   9.259936963354e-17  -9.714451465470e-17  -3.191891195797e-16  -1.666273391950e-15  -9.159339953158e-16   1.879484901873e-16   9.785996547832e-17   7.528699885739e-16   6.973588373427e-16   7.251144129583e-16  -8.261489082169e-17  -4.604423331594e-26  -2.764797170637e-15   2.423380700839e-25  -3.621969391077e-11  -8.888623061413e-01  -1.003989114068e-10  -1.689799102701e-01   1.689620665601e-15  -5.911937606129e-15  -4.704570066849e-15   7.022160630754e-15
   1.127570259385e-16   1.634976876108e-16  -1.249000902703e-16   2.155543084381e-16  -4.857225732735e-17  -6.410735368751e-16  -1.387778780781e-15   5.586250508166e-16  -1.193489751472e-15  -6.499825675912e-16  -8.925152283901e-16   2.151057110211e-16  -4.183928330104e-01   9.077905094301e-12   7.416883426870e-11   7.953821558719e-02   4.080069615497e-15   1.145910932809e-15   6.056220593995e-15   4.468647674116e-15   1.562804450718e-15   3.747002708110e-16   1.221245327088e-15  -2.454455195054e-15  -4.551914400963e-15  -2.312515506142e-15   6.968200508350e-17   1.457167719821e-15   3.691491556879e-15   2.262079412674e-15  -4.513564363047e-15   1.050131637030e-26  -9.763355692579e-16  -5.331437541846e-26   6.601830193631e-11  -1.689809420832e-01   3.268341708385e-10   8.888568786703e-01   6.376843497691e-15   4.329869796038e-15   8.049116928532e-16  -2.159383782896e-14
  -2.081668171172e-16  -1.491862189340e-16   1.292896913248e-01  -6.176727620712e-02   2.574455901015e-02   8.914107433500e-03   8.326672684689e-17  -4.078772194736e-16  -3.330669073875e-16  -4.970880207737e-17   3.330669073875e-16  -1.665334536938e-16  -4.545233765264e-15  -2.331468351713e-15   2.012279232133e-15   3.728269708747e-15  -1.980238331341e-01  -4.034503289984e-01  -2.171540466100e-02  -8.263404163559e-02   4.174647800295e-16  -6.383782391595e-16  -8.604228440845e-16  -2.755925888949e-16   7.216449660064e-16  -2.138753088307e-16   4.497322945959e-17   5.880712583561e-16   7.719519468097e-16  -1.711304709051e-15  -4.896958617453e-16   1.280984604323e-16  -2.205150672352e-16  -1.856147419003e-16   9.728329253278e-15   5.067823272843e-15   9.561795799584e-15   4.143941201192e-16   6.923333332676e-03  -8.617160757958e-01   3.685053279801e-03  -1.637836320742e-01
  -3.885780586188e-16   2.289834988289e-16   2.457910477038e-02  -1.174250118210e-02  -1.354201512260e-01  -4.688951080556e-02   6.800116025829e-16   1.255351121644e-16   9.714451465470e-17   4.723781197137e-16  -6.106226635438e-16  -1.221245327088e-15   5.157088885762e-15   6.383782391595e-16   1.724315135121e-15   5.148291383079e-15  -3.764603457600e-02  -7.669937894730e-02   1.142263111100e-01   4.346675519923e-01   9.498796285695e-17  -1.110223024625e-16   8.881784197001e-16  -4.569124874275e-16   1.332267629550e-15  -5.235426025802e-16  -3.499570855011e-16  -1.226015816647e-15   9.174518783572e-16   1.108217250606e-15  -2.333979579988e-15   1.901938149443e-16   1.522863267851e-17  -1.663298866776e-16  -9.436895709314e-15   4.632415448618e-15  -6.522560269673e-15   2.171144244428e-14   1.316190276558e-03  -1.638202529827e-01  -1.938386437120e-02   8.615234450065e-01
   1.665334536938e-16  -4.163336342344e-17  -6.176724871499e-02  -1.292896337756e-01   8.914217213087e-03  -2.574487603771e-02  -8.083811398052e-16  -1.302743809620e-16  -3.538835890993e-16   2.383311529449e-16  -6.010816844260e-16   0.000000000000e+00   2.463515490351e-15   1.554312234475e-15  -2.095545958980e-15  -3.066503346925e-15   4.034501242420e-01  -1.980237326255e-01  -8.263520204936e-02   2.171570956325e-02   1.822484549545e-15  -5.065392549852e-16  -1.595945597899e-16  -6.698561980062e-16  -8.049116928532e-16  -9.700358650766e-16  -5.321865840777e-16  -5.733261088103e-16  -1.665334536938e-16   1.309716224362e-15  -1.731496658229e-15  -5.442962401062e-17   9.197654418974e-16  -7.975754165363e-17   6.661338147751e-15   2.995617408628e-15  -7.160938508832e-15  -4.785271372784e-15   8.617158632675e-01   6.923331628507e-03  -1.637847497462e-01  -3.685078444557e-03
   1.110223024625e-16  -2.498001805407e-16  -1.174264579382e-02  -2.457940748578e-02  -4.688948993536e-02   1.354200909559e-01   4.718447854657e-16   8.571536010934e-16   3.608224830032e-16   4.962433714535e-17   7.494005416220e-16   0.000000000000e+00   5.995483722891e-15   3.191891195797e-16   5.855559093160e-15   3.195827514888e-15   7.670045598938e-02  -3.764656326233e-02   4.346673313860e-01  -1.142262531451e-01   7.052311173274e-16  -6.106226635438e-16  -1.054711873394e-15  -5.642541265457e-16  -1.110223024625e-16  -1.489945953085e-15  -7.879805849313e-16  -1.682681771698e-15  -2.862293735362e-15  -3.183217578417e-16   2.981786138873e-15   2.575918373753e-17   1.079790569826e-15   1.234807686423e-16  -1.351696532481e-14  -4.153567564656e-15  -8.049116928532e-16  -2.283345280678e-15   1.638213709056e-01   1.316199240678e-03   8.615232325259e-01   1.938385958713e-02
  -4.440892098501e-16   2.775557561563e-16  -4.163336342344e-17  -5.875986917265e-17  -4.163336342344e-17   1.079333387400e-17   3.053113317719e-16   7.651160564150e-17   8.049116928532e-16   7.684976842262e-16   7.355227538142e-16   4.996003610813e-16   5.404238836579e-11   7.954088740718e-02   4.183812111957e-01  -1.149303031755e-10   1.165734175856e-15   1.003975904920e-15  -6.350680145269e-15   7.632783294298e-16  -6.317296494964e-16   1.332267629550e-15   1.998401444325e-15  -4.713781466971e-16   2.192690473635e-15  -3.291627829708e-16  -2.100902608414e-15  -1.278491201795e-15   2.255140518770e-16  -8.686627805954e-16  -1.852482572456e-15  -2.233270097149e-16  -1.425749124461e-15   1.659076511319e-16   8.888620640483e-01  -2.986376626480e-11   1.689811836999e-01  -1.338316939595e-10  -2.818925648462e-15   9.867107131356e-15   1.498801083244e-14   1.261490911730e-14
  -5.551115123126e-16   1.665334536938e-16  -2.775557561563e-16  -1.169000162847e-16   3.885780586188e-16  -1.626891450318e-16  -7.216449660064e-16  -1.248520938824e-16  -1.137978600241e-15   3.313856120091e-16  -2.498001805407e-16  -1.554312234475e-15   3.576056117893e-12  -4.183927418063e-01   7.953869531402e-02  -7.607303675883e-12   2.553512956638e-15   8.587900698576e-16  -8.701844427828e-16   6.800116025829e-16  -8.903249881817e-17  -9.159339953158e-16  -2.525757381022e-15  -1.462946767413e-16   1.880440247959e-15   4.507302926936e-16   1.902983669190e-16   6.765421556310e-16  -1.321859288694e-15  -6.917209860458e-17  -3.890167355736e-16  -1.750329983131e-16   6.343557151723e-16   9.448623172050e-17   1.689822155196e-01   3.258603448957e-11  -8.888566365785e-01   3.204785166203e-10  -8.106362803240e-15  -5.610095721309e-15   3.882311139236e-15  -5.887651477465e-15
   3.339007442708e-17  -9.390666804436e-17  -1.187916042629e-16   7.345203681394e-17   5.121360183858e-17   1.129126873398e-16   1.413913400758e-16   4.199583994870e-17   4.343205216873e-17   2.830610700079e-17  -1.502364976412e-16  -5.401042696591e-18   3.837019442995e-26   8.512499191870e-18   2.200268685834e-16  -6.785465962349e-26   8.014159151139e-17   5.072246709161e-17   4.141497983998e-17  -4.557031204885e-17   1.232341706995e-28   1.958765585803e-16  -6.484420952984e-16   3.215836018190e-28   1.345981792335e-16   7.524226548439e-17   4.156737545001e-16  -7.538429183846e-18   1.850150604647e-17  -1.449844792177e-16  -5.693195489237e-25   1.867653319659e-01  -1.334901215972e-25  -9.824045555552e-01   1.451175788705e-16  -3.063345874859e-25  -1.009205463005e-16  -4.495301649339e-26  -7.715738529359e-17   2.107942437363e-16   1.034971695656e-16  -1.483788476169e-16
   8.842644586771e-17  -2.037453467064e-17   7.800750007982e-17  -4.870961883662e-24  -8.358255020355e-17   5.630403873024e-24  -4.881210943122e-17   0.000000000000e+00   7.286631322892e-17   0.000000000000e+00  -4.395847212102e-17   1.725801398817e-16   0.000000000000e+00  -1.780825897968e-16   2.179528906547e-17   0.000000000000e+00  -9.397821280518e-17   4.835824266191e-33   0.000000000000e+00   5.357930760479e-17   0.000000000000e+00  -8.606852571436e-16   8.097963198395e-16   0.000000000000e+00   6.146984150351e-16   0.000000000000e+00   0.000000000000e+00  -7.291761632032e-17  -2.000341713713e-16   6.601662724709e-17   2.481173749156e-29  -9.824045555552e-01   6.454650395414e-30  -1.867653319659e-01  -2.466116182261e-16  -2.481651518739e-27   2.122484690180e-16  -6.019947840267e-26  -1.589356733149e-17  -1.020157784824e-16   6.859420139827e-17   1.163615989866e-16
