ARMA_MAT_TXT_FN008
30 30
  -8.740991642358e-01  -3.900118915608e-01   1.493825065885e-16   6.099079036443e-16   3.622463184204e-16   4.024558464266e-16   2.953884550161e-15   1.845662769523e-15   8.809894193151e-15   7.879114027887e-15   2.018604475671e-01  -2.045335638277e-01  -1.154011550089e-15   3.211136029621e-16  -4.024558464266e-16  -8.210355284230e-19  -6.941396865038e-17   1.960237527854e-16  -3.553482260223e-16  -1.487220277774e-16  -1.528961404372e-18  -1.344947371264e-16   5.412337245048e-16   0.000000000000e+00   3.243932900077e-16   1.779222620456e-15   1.226947138539e-15  -1.430082498193e-15  -2.676199480551e-02  -2.331420454223e-02
  -3.900118915608e-01   8.740991642358e-01   1.090096728186e-16   3.081849347936e-16   2.362514974986e-16   2.914335439641e-16  -2.597552916625e-15  -1.139863598197e-14   9.517271044168e-15  -3.816391647149e-15   2.045335638277e-01   2.018604475671e-01  -5.011299299655e-17   1.665579043238e-16  -6.245004513517e-17   1.218057622628e-16  -2.525368693011e-16   1.804112415016e-16  -1.328139168571e-16  -3.101788836729e-17  -1.555241889408e-16   4.018456108572e-17  -1.942890293094e-16   0.000000000000e+00  -1.804112415016e-16  -2.473227231929e-16  -1.894789199268e-15   1.494113676415e-15   2.331420454223e-02  -2.676199480550e-02
   3.501923361177e-16   1.318389841742e-16   3.076601699778e-01   4.904401455855e-01   6.332932813734e-01  -3.875682706707e-01   3.883720586111e-15  -6.535016161612e-16   9.962382465826e-16   8.326672684689e-16  -8.745937625675e-16   1.179611963664e-16  -4.760781552595e-16   1.250124779307e-15  -3.677613769071e-16   2.504133094955e-15  -1.045108747891e-02  -1.178476665175e-01  -2.740000455269e-01   1.564315059765e-01   2.229340378667e-16   5.081192591521e-16   5.551115123126e-16   0.000000000000e+00   5.898059818321e-16  -4.672149930668e-16   9.733989430780e-17  -1.288355240715e-16   5.860295467312e-16  -4.336808689942e-16
   8.478084472986e-16  -8.326672684689e-17   3.124025147283e-01   1.452384692222e-01   2.497494701748e-01   8.398758951493e-01   1.189406968944e-15   9.452221543507e-18   3.578388042933e-16  -9.436895709314e-16  -3.719421212283e-17  -8.743006318923e-16   8.825785367658e-16  -1.780358232461e-15   2.914335439641e-16   2.101270483218e-15   2.639915142953e-03   2.958991603979e-01  -3.792714556020e-02   1.566601037195e-01   2.021743366174e-15  -9.361962302967e-17   1.387778780781e-15   0.000000000000e+00   4.857225732735e-16   5.513793479335e-16  -4.478378073519e-16  -4.917528627913e-16   1.207040405650e-16   5.273559366969e-16
   2.991727160927e-16  -1.786765180256e-16  -5.785146227886e-01   7.065654978008e-01  -1.770081533522e-01   1.456365456888e-01   9.672598034180e-16  -2.202532355911e-16   1.276435956217e-16  -1.353084311262e-16  -3.694307024669e-16   5.672545766444e-16   3.791640715634e-16   5.277143721392e-15  -5.429684479807e-16  -3.677217187721e-15  -7.610931367761e-02   1.083456125033e-01  -1.854281295107e-01  -2.482521866024e-01  -9.702614949500e-16   4.938307223830e-16  -3.608224830032e-16   0.000000000000e+00  -6.990935608187e-16   1.799472097780e-15   3.016854435307e-16   2.161398098694e-15  -8.703014851262e-16   4.844215306665e-16
   2.241887272809e-16   1.092875789865e-16   5.996053544428e-01   3.543942849845e-01  -6.258504588299e-01  -9.820984743061e-02  -2.147639775074e-15   5.137364975366e-16  -1.543110690166e-16   4.336808689942e-16   5.083099304115e-16  -1.214306433184e-17   3.849501404776e-16   6.906028807682e-16  -2.428612866368e-16   3.744135714371e-17   3.280782174024e-01   1.899950966167e-02  -5.143981153741e-02  -5.386823211821e-02  -4.231596272202e-16  -1.085098366209e-15  -2.636779683485e-16   0.000000000000e+00  -3.209238430557e-16  -1.770604104481e-16  -4.549104140201e-17   6.050583209018e-16  -2.380630228445e-16   1.500535806720e-16
  -8.756571919896e-17   1.040834085586e-17  -9.644525508796e-17   9.680385420644e-16   1.592355025363e-15  -3.989863994747e-16  -1.776120224681e-01   6.136154454332e-01  -6.780411512717e-01  -1.280084357203e-01   4.621478112124e-14   1.474514954580e-14  -2.332459247791e-16   1.787993459288e-15  -3.504141421473e-16   2.348165501330e-16   2.039753839805e-16  -1.136243876765e-15  -5.982265098643e-17   1.692547011405e-15   2.831193903154e-16  -1.176984615550e-16   4.787836793696e-16   0.000000000000e+00  -1.189799456917e-02   2.776567484603e-01  -1.847484082672e-01   6.661295346676e-02  -3.299953709412e-15   8.636320825151e-15
   4.712326665033e-16  -6.938893903907e-18   8.805664405554e-17  -7.977150093660e-17  -8.516995236014e-16   5.342948306009e-16   1.885088345174e-01  -6.238826816003e-01  -6.501606488282e-01   1.916294796119e-01   1.431610005868e-14  -1.213959488489e-14   1.190577522349e-15  -5.841855775653e-16   6.140921104958e-16   3.156480040269e-16  -2.677031983290e-16  -1.144917494145e-16  -7.383182997587e-16  -5.508490956396e-16  -1.651811644200e-15   4.047701876190e-16   2.345346139521e-15   0.000000000000e+00   2.018848144545e-02  -1.553266261535e-01  -2.776639015369e-01  -1.190500498748e-01  -1.326331759883e-14   5.386316392908e-15
   2.559445888841e-01   1.141992091168e-01  -4.965895052677e-16   1.329453314567e-16   2.706575763216e-16  -8.881784197001e-16   8.957082156380e-15   7.983109850157e-15   2.835814820138e-14   2.575717417130e-14   6.242424598051e-01  -6.325089265152e-01  -6.372475109566e-16   2.039902867328e-15  -1.526556658860e-16  -2.101913429133e-16  -3.274250587354e-16   2.775557561563e-16  -6.909670231314e-16  -3.671282096291e-17  -8.959277287361e-16  -1.643916720194e-15   2.664535259100e-15   0.000000000000e+00   8.118505867571e-15   1.318139338978e-14   8.494881489046e-15  -1.631209070173e-14  -2.736376446082e-01  -2.383844725782e-01
   1.141992091168e-01  -2.559445888841e-01   2.593898977695e-16   9.592712482809e-17   5.126290748581e-16   3.053113317719e-16  -9.018637582997e-15  -3.397714431947e-14   3.012750553973e-14  -9.381384558083e-15   6.325089265152e-01   6.242424598051e-01   1.098817970643e-15  -2.355774327532e-16  -8.743006318923e-16   6.080692198611e-16  -3.596838462605e-16   4.093947403305e-16  -1.436164215278e-16  -6.560187479310e-16  -2.077636387765e-15   2.590131134874e-16  -1.776356839400e-15   0.000000000000e+00  -3.039235529911e-15  -5.119915217439e-15  -2.068323277209e-14   1.408720389961e-14   2.383844725782e-01  -2.736376446082e-01
  -3.263598164820e-16  -4.813857645836e-17   3.011940805449e-16  -1.560908580712e-15  -3.055722008017e-15   3.417405247674e-16   8.721260033274e-01   3.038614215660e-01   1.325139266436e-02   1.763087610679e-01   3.527384823736e-15   2.756909284196e-14  -1.181035122568e-15  -3.091387986304e-16   7.702172233337e-16  -5.480629500546e-16   1.426540892267e-16  -1.465841337200e-16   1.423761630405e-15  -1.783781383478e-15  -6.684326581148e-15   2.320004587527e-18  -1.280225925271e-15   0.000000000000e+00   3.277281043787e-01   4.943510222695e-02   2.714493530923e-02  -7.223368274130e-02   1.498944672233e-14   2.002521412581e-15
   7.557859136332e-16  -3.747002708110e-16   1.073627877608e-16  -3.175519628692e-16  -1.039885157409e-15  -1.276756478319e-15   2.377194374397e-01  -1.615878369239e-01  -3.964386866600e-02  -8.944289303973e-01   9.594036339930e-15  -2.703393064962e-14   6.295596087487e-16  -1.615423258615e-15  -8.326672684689e-17   7.532793955543e-17   5.052435925059e-16   5.967448757360e-16   5.847472484338e-16   1.738172146324e-15   4.253311175596e-15  -1.654172221225e-15  -1.110223024625e-15   0.000000000000e+00   8.859596328084e-02  -1.101845364704e-01  -6.195182063721e-02   3.032757611482e-01  -2.267084425094e-14   1.179611963664e-16
   1.954367564733e-18  -9.506358115578e-19   3.886864788362e-17   1.548556496338e-16  -1.467249979843e-16   1.143197017471e-16   8.621817457787e-16  -2.126370880199e-15   1.750733038482e-16   7.152020490164e-17  -1.369483275119e-15  -7.555568666506e-17  -4.232643469618e-02   9.956752418812e-01  -7.621951266299e-16  -8.269997358331e-02   1.560910246965e-15   4.759625289383e-16   1.126257496487e-14   1.392313530483e-14   4.584221081855e-15   1.759947880817e-15  -8.186792031901e-19   0.000000000000e+00   7.264836604602e-17  -1.492264571770e-16   1.610966924100e-15   4.007627093536e-15   5.212578172667e-15   1.042393185267e-17
  -1.582290895297e-17  -6.672550770243e-18   1.260215618925e-16  -5.121224365539e-17  -2.043099206341e-16  -7.853345605603e-17  -4.651353612949e-16   2.642184267927e-17  -2.842384936999e-16  -2.641008129831e-16   3.432874187056e-16   1.244418806930e-16   3.084889562913e-02  -8.143227647134e-02   9.225932385096e-16  -9.962013501231e-01   1.816003754863e-15  -5.597951551452e-16  -2.005732759438e-15   1.375105066190e-14   2.831451369606e-16   6.379682865171e-16   5.966802891552e-19   0.000000000000e+00   2.790826503891e-17  -2.413722099342e-16  -5.348686613865e-16  -9.231809369973e-16   1.092278851914e-15  -1.273553787176e-17
  -8.315352069751e-17  -5.898059818321e-17  -1.101095728585e-01  -1.755253367602e-01  -2.266515444986e-01   1.387081621262e-01   4.238599406743e-17   5.173699010372e-16   5.881948999010e-16  -6.938893903907e-17  -4.146068296777e-16   2.359223927328e-16  -1.555198171630e-15   3.054792671417e-15   2.706168622524e-16   7.140509818994e-15  -2.920166945290e-02  -3.292813891745e-01  -7.655910234896e-01   4.370895506104e-01   1.374937563582e-15   2.426776036758e-16   1.054711873394e-15   0.000000000000e+00   1.859623566247e-15  -1.330474915521e-15   6.373393692347e-16  -1.082597025314e-15   5.589108749977e-16  -9.939965517347e-16
  -1.928713985323e-16   0.000000000000e+00  -1.118068271858e-01  -5.197990305286e-02  -8.938371022992e-02  -3.005861177145e-01  -9.443784369398e-17   1.538395975455e-16   1.994871602074e-16   1.387778780781e-15  -1.530766255928e-16  -1.942890293094e-16   3.946387066751e-15  -4.700633824719e-15  -1.679212324746e-15   6.090716815338e-15   7.376259125552e-03   8.267799394820e-01  -1.059732750469e-01   4.377282818182e-01   5.847723888190e-15  -7.167393443708e-16   2.609024107869e-15   0.000000000000e+00   1.498801083244e-15   1.065909438805e-15  -1.236754423030e-15  -1.464072199743e-15   2.282103223498e-15   8.673617379884e-16
   7.821590016700e-17  -1.387778780781e-17   2.070466190415e-01  -2.528751939681e-01   6.335006627436e-02  -5.212237202993e-02   6.416480647290e-16  -9.507801864274e-17  -4.877544618660e-16  -3.747002708110e-16  -5.208918403762e-16   5.100087019372e-16  -3.651647944093e-15   1.477470443764e-14  -1.835337437583e-15  -1.001643827543e-14  -2.126591155979e-01   3.027314400896e-01  -5.181098097369e-01  -6.936482264411e-01  -1.986692230222e-15   1.480673238654e-15  -1.110223024625e-15   0.000000000000e+00  -2.390448949896e-15   4.077766827684e-15  -4.471290670116e-16   4.999267186497e-15  -1.885430336177e-15   1.483188571960e-15
  -7.765414219387e-17   2.840609691912e-17  -2.145948546610e-01  -1.268354085156e-01   2.239878067415e-01   3.514866533377e-02   6.384832796536e-16  -1.017619542189e-16  -2.445747797491e-16   2.949029909161e-17   2.849231619866e-16   5.421010862428e-16   1.561227355977e-15   2.339673596748e-15  -2.825430861497e-16  -3.290799350920e-16   9.166923230352e-01   5.308704974742e-02  -1.437293847427e-01  -1.505147011259e-01  -8.745219192178e-16  -1.499588111900e-15  -1.647987302178e-16   0.000000000000e+00  -3.825065264529e-16   8.670886579381e-17   2.998395906108e-16   6.910466344180e-17  -1.118384016670e-15   3.640750895206e-16
   3.555790367956e-16   1.804112415016e-16  -6.249428091370e-16   8.468109017434e-16  -1.733582135671e-16  -8.049116928532e-16  -6.740183815592e-16  -2.908340607529e-16  -4.256238652304e-17   1.387778780781e-16   4.999901427492e-16   5.134781488891e-16  -7.529785415524e-01  -3.371710952471e-02   6.568589786147e-01  -2.056099949288e-02   1.718975291351e-15   3.802513859341e-15   6.525727398524e-16   1.877137563049e-15   1.065508446068e-15   3.634129899855e-16   2.331468351713e-15   0.000000000000e+00  -1.290634266127e-15  -8.350130392514e-16  -1.651581714306e-15   2.089077098257e-15   2.034639457645e-15  -1.110223024625e-15
  -6.413846214128e-16  -9.714451465470e-17   4.480995208886e-16  -6.057121490788e-16   1.915403829968e-16  -5.967448757360e-16   3.948219077656e-16   3.177858394471e-16   3.197083126468e-16  -3.330669073875e-16   1.581896203883e-16  -4.718447854657e-16   6.559574182262e-01   2.937266720547e-02   7.540134496235e-01   1.791171912509e-02  -1.597038021520e-15  -2.220446049250e-16  -2.118715827201e-15  -2.778409130722e-15   7.654914487969e-17  -4.210185374151e-16  -6.106226635438e-16   0.000000000000e+00  -1.235123114895e-15   2.362969414522e-15   1.459124454720e-15  -5.213043202017e-16  -4.359941546880e-16  -4.891920202255e-16
  -1.335447219994e-16   5.076913559228e-17   3.734115620497e-17  -3.433058298786e-16  -1.148051919616e-16   1.410950019051e-17  -3.605510214293e-16  -2.875314276407e-16  -8.850509412892e-16  -1.655690265860e-16   2.253249044845e-16  -2.965688148811e-16  -6.661338147751e-16   4.278695453497e-15   7.348420119880e-16  -3.916138247018e-16  -1.311363483124e-16   4.153734253627e-15  -3.867371444347e-16   5.313773498615e-15  -9.879243735474e-01   1.549368650485e-01   4.681546781447e-15   0.000000000000e+00  -1.454996283273e-14  -4.088473143090e-15   2.045482265387e-15   1.763649230921e-14  -1.696718576115e-15   6.502760614473e-15
   2.050027500194e-16   4.983063486204e-18   1.213386693979e-16   3.345251286406e-17  -4.690874457050e-16  -2.568875697727e-17   3.932655243475e-16   2.486649519590e-16   1.842171614630e-16   1.016547188493e-16   7.807674543817e-16  -4.807794956993e-16   7.060324547226e-16  -2.304796978270e-15  -3.664336422420e-17   1.000393344552e-15   2.155099693588e-15  -3.098469065360e-16   1.010382237707e-15   1.449241358009e-16   1.549368650485e-01   9.879243735474e-01  -1.775238343088e-15   0.000000000000e+00   2.409806447057e-15   2.078376473759e-16  -1.515011475651e-15   2.282824824192e-15  -2.438873288078e-15  -1.208000355640e-15
   2.550399625789e-16  -4.336808689942e-17   4.212772108327e-17  -5.054895277819e-16  -5.929653478788e-16   8.673617379884e-17   6.427766064959e-02  -2.220669796043e-01   2.453825952898e-01   4.632615899068e-02  -1.641251205470e-14  -5.696831895108e-15   2.861622832222e-16  -5.656420560267e-16  -1.051242426442e-15  -1.420318315077e-16   1.069602840205e-15  -2.686219302550e-15   1.435938340121e-15   3.302773881197e-15  -6.761596006130e-16  -1.334299093598e-15   8.881784197001e-16   0.000000000000e+00  -3.287653684637e-02   7.672210865731e-01  -5.104967745946e-01   1.840649032376e-01  -1.074035169772e-14   2.483213287774e-14
  -7.505102810143e-16   2.602085213965e-17  -3.944609692374e-16   4.376398122820e-16   2.460807700927e-16  -3.122502256758e-17  -6.822120893721e-02   2.257826848420e-01   2.352926619064e-01  -6.935056810788e-02  -5.740494537699e-15   4.366298989034e-15   1.750941368545e-15   3.098880431784e-15   7.840950111415e-16   5.642523470182e-16  -7.010624778457e-16   4.770489558936e-16  -1.361172781002e-15  -3.587725031711e-15  -6.715662068139e-15   4.923896570472e-16   5.571931804838e-15   0.000000000000e+00   5.578480896548e-02  -4.291985105783e-01  -7.672408519532e-01  -3.289590803321e-01  -3.747252972147e-14   1.445198127836e-14
  -6.643499727432e-02  -2.964244792002e-02   3.010590907947e-16  -1.090920763130e-16  -1.145869664539e-16  -6.245004513517e-17  -3.758984520643e-15  -3.457137117272e-15  -1.183840447593e-14  -1.057487430955e-14  -2.509907346426e-01   2.543144536878e-01  -1.000541215001e-15   3.049788066001e-15   5.551115123126e-17  -9.173848474483e-16  -3.936811697296e-16   1.512678871052e-15   4.621633205429e-16   1.462076004634e-15  -3.403068816950e-15  -1.764565199662e-15   3.580469254416e-15   0.000000000000e+00   2.035871471406e-14   3.501667108512e-14   2.196381380430e-14  -4.043691385508e-14  -7.020913535539e-01  -6.116398102252e-01
  -2.964244792002e-02   6.643499727432e-02  -1.085489886555e-16  -8.123543978985e-17  -1.878462290294e-16   2.567390744446e-16   3.542730625748e-15   1.364327792961e-14  -1.155057809745e-14   4.420075416789e-15  -2.543144536878e-01  -2.509907346426e-01   1.396877668165e-15  -3.227487571782e-15  -1.136243876765e-15   6.647595592628e-16   7.094771289983e-16   1.916869440954e-16  -3.150435098472e-16  -2.762498454814e-15  -5.201084438928e-15   1.525183106625e-15  -2.321060010857e-15   0.000000000000e+00  -9.374445664179e-15  -1.241886078169e-14  -5.199717585738e-14   3.610196749892e-14   6.116398102252e-01  -7.020913535539e-01
  -1.143069982910e-16   6.938893903907e-17   2.869490505312e-16   6.502509334085e-16   1.000510525726e-15  -1.387778780781e-16  -3.156217608841e-01  -1.099672255769e-01  -4.795669285096e-03  -6.380601130484e-02  -1.752827599280e-15  -9.742207041086e-15  -7.963116308423e-16   7.126887249154e-16   1.720845688169e-15   2.252418979965e-16  -1.952179233400e-16   2.359223927328e-16  -3.301870899061e-16  -3.686677164332e-15  -1.685837319652e-14   1.134009994413e-15  -3.830269434957e-15   0.000000000000e+00   9.055782498941e-01   1.365990672142e-01   7.500688126038e-02  -1.995961015436e-01   4.173664140120e-14   5.755812493291e-15
  -3.914176894083e-16   3.400058012915e-16  -2.985416307021e-16  -3.393862050599e-16   5.928579482508e-16   5.932754287841e-16  -8.603049003795e-02   5.847851965515e-02   1.434708699073e-02   3.236931738310e-01  -3.384531701723e-15   9.527101330065e-15   2.817177825084e-15  -2.604492626275e-15   1.734723475977e-16  -1.690769354120e-16   4.079769262698e-16  -2.324529457809e-16   1.038063799202e-15   2.181100459181e-15   1.146836989901e-14  -4.630862512527e-15  -8.465450562767e-16   0.000000000000e+00   2.448083527278e-01  -3.044618949950e-01  -1.711852616874e-01   8.380115386703e-01  -6.415439606074e-14   2.490195549765e-15
   9.393621075973e-17  -2.220446049250e-16  -3.127809812108e-16  -1.243272873809e-16  -3.713121364485e-16  -2.775557561563e-16   9.915850667643e-17  -4.185780286338e-17   2.225847531447e-16  -6.661338147751e-16  -3.147403088104e-16   1.387778780781e-15   2.126478658396e-15   1.039467201339e-16  -9.436895709314e-16   6.091627950113e-17  -1.168499187211e-17  -2.359223927328e-15   5.611713187376e-16  -2.774995145683e-15   4.843459762749e-15   1.048973509578e-15   1.000000000000e+00   0.000000000000e+00   3.996802888651e-15   2.174624610862e-15   5.707354889547e-15   2.179399599373e-15   5.159978865169e-15   7.494005416220e-16
   0.000000000000e+00   0.000000000000e+00   0.000000000000e+00   0.000000000000e+00   0.000000000000e+00   0.000000000000e+00   0.000000000000e+00   0.000000000000e+00   0.000000000000e+00   0.000000000000e+00   0.000000000000e+00   0.000000000000e+00   0.000000000000e+00   0.000000000000e+00   0.000000000000e+00   0.000000000000e+00   0.000000000000e+00   0.000000000000e+00   0.000000000000e+00   0.000000000000e+00   0.000000000000e+00   0.000000000000e+00   0.000000000000e+00   1.000000000000e+00   0.000000000000e+00   0.000000000000e+00   0.000000000000e+00   0.000000000000e+00   0.000000000000e+00   0.000000000000e+00
