ARMA_MAT_TXT_FN008
20 20
   5.186823193171e-16   1.244194630978e-15  -2.452898995031e-15   7.185673439030e-16  -3.254292712918e-01  -6.350158406844e-01  -5.399326818978e-16  -1.340073885192e-16  -5.914864951995e-16   2.995650602577e-16   2.322761491598e-16   0.000000000000e+00   6.545328515295e-16  -1.734723475977e-16   3.631302019443e-02   6.996656601768e-01  -2.764219787336e-15   1.046797197535e-15  -1.361757928642e-16   1.851708890388e-15
  -3.243932900077e-15  -2.357716412698e-15   4.215378046624e-15  -3.268450067214e-16  -6.350158406844e-01   3.254292712918e-01  -3.516067645370e-16  -2.996734804750e-16   1.398620802506e-17  -3.512815038853e-17   2.235548497807e-17   0.000000000000e+00   8.565197162635e-17   8.847089727482e-16   6.996656601768e-01  -3.631302019443e-02  -2.792548830727e-15  -1.490777987168e-17   2.567390744446e-15  -4.820823644794e-15
  -1.571976396997e-01  -9.443577056087e-02  -5.998203229088e-01   4.129085265518e-01  -1.821459649776e-15   3.500671974521e-15  -1.613292832658e-16  -2.012279232133e-16   2.729153708581e-15  -6.748074321550e-16   1.717851638459e-16   0.000000000000e+00   4.570996359199e-16  -1.054711873394e-15  -4.479056014972e-15   1.144483813276e-15  -8.578268202940e-02  -3.614587568644e-01   4.864974765784e-01  -2.477943100044e-01
   8.021373895582e-02   1.378332555291e-01   3.866224446045e-01   6.236969767790e-01   7.632783294298e-17  -1.200428645376e-15  -5.108760636752e-16   3.764349942870e-16   2.786182742853e-15  -1.163132090642e-15   7.437579125298e-16   0.000000000000e+00   4.796510411076e-16   3.330669073875e-16  -4.258746133523e-15   2.161899131936e-16  -1.763010669917e-01   8.871600205855e-02  -2.580188933148e-01  -5.749491905262e-01
  -1.520206030857e-01   7.226082198538e-01  -1.194329808481e-01  -6.610554957908e-02  -1.591608789209e-15   2.573028595743e-15   6.401129626354e-16  -3.547509508373e-16  -5.251333222434e-16   3.233090878352e-16   6.515450718482e-17   0.000000000000e+00  -4.305366826940e-16  -2.914335439641e-16   4.033232081646e-17  -1.549595955025e-15  -4.644390805397e-01  -3.506768374066e-01  -2.421195101530e-01   1.969597807042e-01
  -7.138987870526e-01  -1.175938912989e-01   2.009515175397e-01  -6.765348080442e-03   4.610894999146e-15  -4.159866895392e-15   2.649790109555e-16   8.760353553683e-17  -1.865586678196e-15   5.074066167232e-16   5.586328995896e-16   0.000000000000e+00  -3.022755656890e-16  -2.040034807749e-15   3.292505157404e-15   1.955141777643e-15   4.265542426781e-01  -4.178465148941e-01  -2.724289173648e-01  -7.301485647045e-02
  -1.838806884535e-16   2.593667691497e-16   6.938893903907e-18  -1.179418772470e-15  -2.376571162088e-16  -1.951563910474e-16  -1.207559407144e-01   1.597918164791e-02   3.587038983066e-02  -9.919052291774e-01   1.983102358393e-15   0.000000000000e+00   3.592991789508e-15   1.158795281953e-15  -1.647987302178e-16   1.394012943273e-16   7.899860194106e-16  -6.195944365212e-16  -2.246466901390e-16   1.159012122387e-15
  -5.238864897450e-16   2.627754611264e-16   2.046973701653e-16  -8.296529602934e-16  -4.293440603043e-17   5.733261088103e-16  -9.563007624734e-01  -2.004853592509e-01   1.760686005781e-01   1.195588570928e-01   2.968549978645e-15   0.000000000000e+00   3.394420161618e-15  -1.484923295436e-15  -6.756747938930e-16  -1.949937607215e-16   1.071771963985e-16  -4.758563335039e-16  -2.229119666630e-16   8.892084117640e-16
  -4.198030811864e-16  -9.622866348121e-16   2.319325287381e-15   1.888135464840e-16   3.195278526246e-01   6.235002990083e-01   1.342242289537e-16   7.242470512203e-17  -1.126160796561e-15  -3.675445364726e-16  -4.975016582835e-18   0.000000000000e+00   2.260561529632e-16   4.718447854657e-16   3.698369204190e-02   7.125879139142e-01  -1.923603908750e-15   1.466600278721e-15  -6.227657278757e-16   1.581363078679e-15
   4.794775687600e-15   2.671849334177e-15  -3.455569164146e-15   1.778977502339e-15   6.235002990083e-01  -3.195278526246e-01  -6.158268339718e-16  -7.580741590019e-16  -4.985161589088e-16  -1.895185397505e-16  -1.177628450730e-16   0.000000000000e+00  -2.949029909161e-17  -6.383782391595e-16   7.125879139142e-01  -3.698369204190e-02  -3.807035003576e-15  -8.870942175276e-16   3.448630270242e-15  -4.537386091852e-15
   3.816391647149e-16  -1.292412020566e-16  -1.144917494145e-16  -5.353215221621e-16   1.804112415016e-16  -2.524022657546e-16  -2.179991997738e-01   9.693929223835e-01  -1.062343004969e-01   3.831428361149e-02  -8.942176885134e-16   0.000000000000e+00   4.354372765136e-15   8.604228440845e-16   4.787836793696e-16  -2.637321784571e-16  -6.649509332643e-16  -9.915028867380e-16   3.226585665317e-16  -1.977584762614e-16
  -1.275889116581e-15   1.287502013532e-15   1.394717674685e-15  -1.862558486063e-15   4.263082942213e-16   3.903127820948e-18   1.529156740592e-01   1.408106832334e-01   9.779710815877e-01   1.901871952995e-02   1.101715805875e-14   0.000000000000e+00   1.731796130111e-15   4.857225732735e-17   5.780965983693e-16   1.202054948635e-15   2.426264533696e-15   4.791360450757e-16  -8.847089727482e-17   3.261388555054e-15
  -6.363788093524e-16   3.151308804315e-16   7.733897298841e-16   4.991586468218e-16  -9.864601149318e-17  -5.372651290788e-17  -1.320717757706e-15   5.953360467595e-16   1.155138552971e-14  -1.508538742312e-15  -9.980240744640e-01   0.000000000000e+00  -6.282914778646e-02  -6.670672507863e-04  -5.003857178398e-17   1.521650777733e-16   8.763579031975e-17  -4.518642326113e-17   1.692003252792e-16  -3.444817959638e-16
   4.626992636782e-16  -2.135398974296e-16  -4.326995768618e-16  -5.443719904681e-17  -1.063962263704e-16  -1.760993705368e-16  -4.217123500264e-15   3.777707892644e-15   1.304995900452e-15  -2.829783192825e-15   6.283268886684e-02   0.000000000000e+00  -9.979677896702e-01  -1.059924480852e-02   5.948786758080e-17   5.131295244367e-16  -1.203984845032e-19   4.191470490429e-17   6.145341410291e-17  -1.075838420961e-15
   1.382393750768e-01   8.304667889523e-02   5.274811171190e-01  -3.631111560163e-01   8.569533971325e-16  -2.046973701653e-15   3.530162273613e-16  -6.461844948014e-16   1.285863776568e-16   8.456776945387e-17   2.038201616693e-16   0.000000000000e+00   1.235990476633e-16  -5.551115123126e-16  -4.671610320806e-15   1.901256929671e-15  -9.754699147505e-02  -4.110295159849e-01   5.532161512992e-01  -2.817770309080e-01
  -7.053984504480e-02  -1.212103638804e-01  -3.399952138905e-01  -5.484782117080e-01   2.732189474663e-16   4.466912950640e-16   2.055647319033e-16  -8.066464163292e-17   2.117663683299e-15  -2.118531045037e-16  -4.937043169367e-16   0.000000000000e+00   7.615436059538e-16   1.942890293094e-16  -2.703566537310e-15   1.165842596074e-15  -2.004791441819e-01   1.008825894898e-01  -2.934038222068e-01  -6.537982079836e-01
   1.336866966293e-01  -6.354606146044e-01   1.050291891631e-01   5.813312388391e-02   8.690964614644e-16  -1.706967900361e-15   3.321995456496e-16  -1.812786032396e-16   1.692656431684e-15  -2.615095640035e-16  -4.743841703892e-16   0.000000000000e+00  -1.884343375780e-16   5.273559366969e-16  -1.491862189340e-16  -1.538916563626e-15  -5.281326482023e-01  -3.987689549887e-01  -2.753239842133e-01   2.239710113365e-01
   6.278015521019e-01   1.034118964957e-01  -1.767164714336e-01   5.949437234578e-03  -3.674144322119e-15   3.028827189056e-15   9.540979117872e-17  -2.151057110211e-16   2.417770844643e-16   4.787836793696e-16  -2.429394783657e-16   0.000000000000e+00   3.733992282040e-16   1.942890293094e-16   2.128505705024e-15   2.234540677493e-15   4.850522516877e-01  -4.751503387629e-01  -3.097900491224e-01  -8.302817553821e-02
   1.498801083244e-15  -2.834954538559e-16  -3.330669073875e-16  -5.240867812767e-17  -6.245004513517e-16   7.771561172376e-16   1.179611963664e-15   1.165734175856e-15  -2.792904796323e-16  -1.249000902703e-15  -2.298886709928e-07   0.000000000000e+00   1.062021511907e-02  -9.999436039251e-01   9.714451465470e-17   1.960237527854e-16  -9.364567565948e-16   1.424207973777e-15  -5.273559366969e-16   3.417405247674e-16
   0.000000000000e+00   0.000000000000e+00   0.000000000000e+00   0.000000000000e+00   0.000000000000e+00   0.000000000000e+00   0.000000000000e+00   0.000000000000e+00   0.000000000000e+00   0.000000000000e+00   0.000000000000e+00   1.000000000000e+00   0.000000000000e+00   0.000000000000e+00   0.000000000000e+00   0.000000000000e+00   0.000000000000e+00   0.000000000000e+00   0.000000000000e+00   0.000000000000e+00
