ARMA_MAT_TXT_FN008
42 42
   9.382760674461e-01   8.712386530785e-02   4.482772303098e-16  -7.079840186330e-17  -1.019388601860e-15   4.113308220191e-15   9.512788282407e-15   1.180008070988e-14  -1.005568720112e-14   1.515866425439e-14  -3.065455452850e-01   1.194262502682e-01   9.347991131170e-16   1.783359985330e-16   1.608194543150e-15   5.203086225758e-16   9.814562892838e-16   5.968532959533e-17   3.951855492591e-16   3.438276139495e-16   2.165977860130e-15   2.724141645468e-15   9.866239769618e-18   1.005071439047e-15  -7.355227538142e-16   8.139561482846e-16  -4.724139916062e-16   5.222484403222e-16  -4.898179240914e-02  -3.762229095629e-02   1.184971021347e-15  -5.209925901620e-17   2.200930410146e-16   0.000000000000e+00  -3.956743195594e-16   1.963761184914e-17   9.510830364552e-17   1.252314606609e-16   4.784953948841e-16  -8.521862957054e-16  -6.564844154400e-17  -1.959424376224e-16
   8.712386530785e-02  -9.382760674461e-01   3.791442046492e-16  -7.147060721024e-16   3.376723102018e-16   4.214266446953e-16   6.466143081363e-15  -3.178946232650e-16  -1.272699634323e-14   3.719247132494e-15  -1.194262502682e-01  -3.065455452850e-01   3.573530360512e-16  -4.862676453732e-16   1.086476245132e-15   9.714451465470e-17   1.457047793143e-15   1.613292832658e-16   3.647459364314e-16  -1.210836986232e-15   2.579088090421e-16   1.579585200925e-16  -2.498001805407e-16   1.022114686267e-16   1.908195823574e-16  -3.427077548564e-16   1.002670169115e-15  -2.923327566263e-16   3.762229095629e-02  -4.898179240914e-02  -1.130228406474e-15  -2.020825826151e-16   7.494005416220e-16   0.000000000000e+00   4.840913937779e-16   2.966377143920e-16   3.643006938468e-17  -4.949068090266e-16   1.004300130657e-15   4.367166350772e-16  -1.923374653989e-16  -1.370431546022e-16
  -1.392589322947e-15   1.318389841742e-15  -3.768732430036e-02  -7.136229866302e-01   3.818247787612e-01   3.635714381963e-01  -2.121204853785e-15   1.179736283810e-15  -1.130704412535e-15  -1.929012505286e-15  -5.689738505601e-16   5.030698080333e-16  -4.080069615497e-15   4.091142206955e-15   8.360300066001e-15  -4.392319841173e-15  -4.727385242975e-02  -4.877198491269e-02   2.397214620524e-01  -3.792784985640e-01  -1.547855403101e-16  -1.141702023383e-15  -2.706168622524e-16   9.677999568709e-16  -5.273559366969e-16   1.429050845622e-15   6.834810495349e-16  -9.968501813274e-16   1.665535871713e-16   2.359223927328e-16  -3.556701379730e-16   1.566535278831e-15  -7.077671781985e-16   0.000000000000e+00  -1.306839214959e-16  -8.716985466783e-16  -7.619637481558e-16   2.291094103825e-16  -1.645292832306e-03   1.522288505244e-03   4.828854049474e-02  -5.548563976961e-02
  -4.290033971033e-16  -4.336808689942e-16  -1.041707425649e-01   4.924854221576e-01   6.962781108440e-01   2.246237109554e-01  -1.314388004087e-15  -1.425742271133e-15  -2.807050834897e-15   9.714451465470e-16  -9.869567133009e-16  -3.226585665317e-16  -1.942890293094e-16  -9.306658841386e-15   1.297413043960e-14   9.645062526431e-16  -1.154997617913e-01  -3.070273401312e-02   3.615410774587e-01   2.468547729691e-01   5.551319129233e-16  -2.074817020666e-15  -2.914335439641e-16  -1.293700604654e-16   5.637851296925e-16   1.411868340303e-16   1.491862189340e-16  -1.149523610632e-16   6.438838223622e-17  -1.353084311262e-16  -3.483288489425e-16   5.459791146895e-16   3.191891195797e-16   0.000000000000e+00  -1.397804666493e-15   1.161397367166e-15  -9.887885591328e-16   7.816909608569e-16   1.236008011486e-03  -1.356439637117e-03   5.553069748873e-02   4.825388799540e-02
  -3.560108529521e-15  -4.185020385794e-16  -2.142388312475e-01   1.775257778487e-01  -3.975611879913e-01   7.437633205502e-01  -3.662880062571e-15   2.705622114304e-15  -3.203514559260e-16   1.130172344599e-15  -5.628743335330e-16  -9.801187639269e-17   2.939055249174e-15   2.324335649947e-14  -4.274009856646e-15  -8.477159946230e-15   4.901788571807e-02  -4.485814409154e-01  -4.027020092307e-02   2.612146896718e-02  -5.388917588037e-16   1.501085270461e-16  -1.934216675714e-16   1.387113701990e-15  -1.049507702966e-16   2.965033426671e-15   7.199102425304e-17  -1.659210701471e-15   3.912198238937e-16  -1.069565443157e-16   2.770628908205e-16   2.693851431977e-16   2.385244779468e-16   0.000000000000e+00  -9.956374436742e-16   7.551468131362e-16  -8.695983936690e-16  -2.903656064075e-17  -1.327275525898e-02  -7.236448668668e-02  -5.067671898114e-05  -1.635903674393e-03
   1.447307097868e-15  -3.903127820948e-16  -8.546825720549e-01  -7.305746999815e-02  -2.046043635296e-03  -2.298446749800e-01   6.408014372206e-17   7.067570208654e-16   4.626616830543e-16  -1.302777330459e-15  -1.859505602667e-15  -6.622306869541e-16  -3.116864405461e-15  -1.204645200476e-15  -6.635599652846e-15   1.301042606983e-15  -4.335369848810e-01  -3.722108213706e-02  -1.270120598070e-01  -2.145443837051e-02   9.112230315482e-16   5.732864045498e-16  -3.434752482434e-16  -3.505158950366e-16   2.515349040166e-17  -1.079022720648e-15  -3.707971429900e-16  -5.571776349054e-16   7.847492627855e-16  -3.035766082959e-18   8.360881465074e-16  -1.369476917980e-15   2.879640970121e-16   0.000000000000e+00   1.599266466190e-15   1.551168048175e-15   1.629517515096e-15  -1.879140901148e-15   7.235373506655e-02  -1.321693952260e-02   1.401418030636e-04  -2.386127910262e-03
  -2.017525750669e-16   1.637578961322e-15  -3.502929475702e-16  -1.762479051592e-15   2.051429221426e-16  -3.706350525424e-16  -9.326078248548e-02  -3.171360581496e-01   1.828996393173e-01   8.217477738356e-01   1.499432609249e-14  -1.049160758271e-14   8.326672684689e-17  -3.780049815513e-16  -2.088376184596e-15   5.551115123126e-16  -1.712568013862e-15  -1.179611963664e-16  -6.809169703305e-16  -1.179611963664e-15  -7.726196713102e-17  -2.872047368259e-16   1.387778780781e-15  -5.587495358096e-16   4.925465728736e-02  -8.862156235685e-03   4.161860129119e-01  -7.931020605330e-02  -7.644886062450e-15   4.406197628981e-15  -1.780974266992e-15   9.455561918343e-16   0.000000000000e+00   0.000000000000e+00  -1.276280463034e-15  -1.526556658860e-16  -2.261168365414e-16  -1.140249653094e-15  -1.563381042559e-16  -6.617970060852e-16   3.087807787239e-16  -3.330669073875e-16
  -4.956557392976e-17  -7.077671781985e-16   3.842224293139e-16   9.783840404509e-16   7.932497406485e-16   4.150100282094e-16  -3.919232985874e-01  -1.412166091362e-01   7.569146138202e-01  -2.674486857483e-01  -6.270295713800e-14  -1.628558399247e-14   1.242062008799e-15  -1.182579873258e-15  -2.520971359719e-15   2.567390744446e-16   1.725090661025e-16   2.973316037824e-15   5.084129608293e-16   1.495331636292e-15   3.033569910590e-15  -3.209588186543e-16  -1.526556658860e-16   1.149135179155e-15  -8.219483598648e-03  -4.748282739861e-02  -7.938747349862e-02  -4.163903402439e-01  -3.189012683726e-15  -6.106226635438e-16  -2.267095766550e-16  -3.676481384227e-15   5.273559366969e-16   0.000000000000e+00   5.305825870813e-17   3.278627369596e-16   7.554796152429e-16   6.118927548714e-16  -2.168921528979e-17  -2.125036258072e-17  -6.938893903907e-18  -4.076600168545e-17
  -3.175036972549e-01  -2.948188738275e-02   8.009504581591e-16  -2.775557561563e-16  -2.617169192733e-16  -2.409590010804e-15   2.365270770263e-14   3.070132077712e-14  -2.545981540147e-14   3.824718319834e-14  -7.697524509324e-01   2.998857763996e-01   1.792836712422e-15   4.008711795362e-16   5.035127619755e-15   8.413408858488e-16   8.867484005194e-16  -5.381979584218e-16   7.058521735531e-16   2.116362640692e-16  -1.111594773504e-15   8.672951866319e-17   2.203098814491e-16   8.057407555155e-16  -6.216381576163e-15   3.727767454452e-15  -2.352285033425e-15   4.205249005089e-15  -3.684726269056e-01  -2.830191321517e-01   5.644403151888e-15  -1.464148273508e-15   1.713906794265e-15   0.000000000000e+00  -9.679759819144e-16   7.112366251505e-16   1.144796610948e-15   8.284996731390e-16   9.647060828779e-16  -3.989863994747e-17  -1.952377062103e-16  -1.964574336544e-16
  -2.948188738275e-02   3.175036972549e-01   8.818796404194e-16   7.632783294298e-16  -2.669783717009e-16  -9.216891254914e-17   1.547044729564e-14   2.438255362717e-16  -3.160684696028e-14   4.163336342344e-15  -2.998857763996e-01  -7.697524509324e-01  -4.718447854657e-16  -1.316027346222e-15   1.533938956772e-15   1.637578961322e-15   7.275627115152e-16   9.471590178833e-16   6.445833128634e-17  -1.828398543680e-15   2.400988608138e-16  -6.745445446855e-16   1.942890293094e-16   5.039026452313e-18  -2.081668171172e-16  -3.491424618993e-15   8.125444761475e-15  -2.509475180238e-15   2.830191321517e-01  -3.684726269056e-01  -5.244792785581e-15  -1.299857619859e-15   6.106226635438e-15   0.000000000000e+00  -9.573917652042e-16   7.788908407136e-16   2.891781887764e-16  -1.570331966700e-15   9.313187317676e-18   9.540979117872e-17  -1.643650493488e-16   2.012279232133e-16
   2.428651656701e-18   1.778091562876e-16   8.505268901187e-16   2.315855840429e-16  -1.058872031760e-16   3.572958496692e-15   7.802287920868e-01   1.206232571127e-01   4.396595066239e-01   3.724399108845e-02   1.351753034339e-14  -7.122774592361e-15  -1.792836712422e-15  -2.304967052458e-15  -1.540077797446e-15  -1.504005253672e-15  -5.467663545848e-15   1.489693784995e-15   2.463429522637e-15   8.404735241108e-16  -2.486068219287e-15   7.715745598275e-15  -3.469446951954e-17  -3.184480695028e-16  -3.181275049977e-02   4.226729434129e-01   3.570152171719e-03  -4.825195365082e-02   4.675635182072e-15  -3.792539199354e-16  -6.918746200915e-16  -1.146848581074e-14  -1.700029006457e-16   0.000000000000e+00  -7.907071562217e-16  -8.326672684689e-17   7.806724736994e-16  -4.913032840510e-16  -1.194162096384e-16   2.019326546254e-16   6.913279627582e-16   1.859406725813e-16
   4.213047866999e-16   5.898059818321e-17  -9.523928466664e-16  -5.308253836489e-16   4.760024306040e-16  -8.263521109990e-17  -2.166474584849e-01   8.263940673574e-01   1.353589389473e-01   2.642143383886e-01   2.724943328974e-14  -1.862746068504e-14   1.318389841742e-16  -2.114592326743e-15  -3.891700372169e-16   1.054711873394e-15   1.765762292874e-15   6.893791093532e-15   1.496083235789e-15   3.576999807464e-15   8.237327532776e-16  -9.807824294484e-16   2.539635168830e-15   6.008481793047e-16  -4.224924057730e-01  -3.193573861833e-02   4.979508938475e-02   2.487959314727e-03   3.791865089779e-15   3.818126370625e-15   6.011643696681e-16   1.957872352069e-15  -1.262878690511e-15   0.000000000000e+00  -9.957049357682e-16  -4.414871246361e-16  -6.630062397599e-16   3.613788602148e-16   9.198843481633e-18   4.696763811207e-16  -3.048776509029e-16   4.518954654920e-16
  -2.149629322066e-17   8.760353553683e-17  -5.225671617054e-16  -2.619432448725e-16  -9.423587766997e-17  -4.427554730822e-16   1.149404625311e-15   1.791454564955e-15   2.935835864569e-15   7.702172233337e-16   7.866916219828e-16  -9.497611030973e-16   1.768868056967e-01   8.773614759929e-01   1.017367026663e-01   3.139547797981e-02  -1.056392147110e-14   4.338695201722e-14   1.070686350737e-14   1.203811356154e-14  -1.857664435356e-15   9.273929195955e-16  -7.355227538142e-16   3.835217958234e-16   1.222980050564e-16   8.991131443180e-16  -1.249000902703e-16  -6.820493760968e-16   6.711277002825e-16  -1.427460580294e-15  -9.229082019919e-16   6.473110756890e-15  -1.325328735646e-15   0.000000000000e+00   5.943109440946e-03   7.690003171428e-03  -4.326016411689e-01  -1.931913730740e-02   1.483512222512e-14   1.149254302835e-17  -2.646835658635e-15   1.341808608668e-15
   2.775395396903e-16  -4.440892098501e-16   4.177462616019e-16   1.387778780781e-15   3.687325110026e-16   7.142580322456e-16  -1.651380979643e-15   1.325205890899e-16   8.034042386895e-16  -4.163336342344e-17  -9.129372733216e-16   3.295974604356e-16  -8.805792318667e-01   1.814554980997e-01  -1.471791011537e-02  -6.185172616269e-02   4.104844951447e-15   8.147996166663e-15  -1.540435470735e-15   8.180955912707e-15   4.458312694648e-16   4.890640403227e-16  -1.387778780781e-17   1.355808839917e-15  -4.649058915618e-16  -1.358259495217e-15  -2.480654570647e-15  -3.497340821570e-16  -3.234436070627e-15   4.336808689942e-17  -8.233669249881e-16  -3.617634857244e-16   1.082467449010e-15   0.000000000000e+00  -8.470218653582e-02  -6.692553254044e-02   1.636529347461e-02  -4.191545724034e-01  -5.969480592778e-15  -1.048640341228e-15   2.146395040870e-15   2.740863092043e-16
   6.256058903267e-16  -4.163336342344e-17   1.835507734026e-02   3.475599649100e-01  -1.859623487391e-01  -1.770723178334e-01  -1.183222891959e-15   2.960686696057e-15   2.697890047354e-16   5.134781488891e-16   3.197505851609e-17   1.273287031367e-15  -5.356826093816e-15   6.904795450652e-15   1.422275706625e-14  -1.330185961379e-14  -8.026369955853e-02  -8.280729711467e-02   4.070100154519e-01  -6.439563076225e-01  -2.221122039276e-16  -2.406324039237e-15  -1.665334536938e-16   1.053037954952e-15  -1.457167719821e-16  -1.367504019670e-16   6.938893903907e-17  -1.078552200776e-15   3.294287041922e-16   1.026956297778e-15  -4.452314445948e-16   1.832190117183e-15  -2.220446049250e-15   0.000000000000e+00  -2.916770854910e-15  -5.629177679545e-15  -3.406440697204e-15   1.935010340462e-15  -1.046977005491e-02   9.687035823771e-03   3.072826340333e-01  -3.530811526865e-01
   1.877373866371e-16  -2.289834988289e-16   5.073488425796e-02  -2.398580472471e-01  -3.391123889033e-01  -1.093997959150e-01  -1.457896761020e-15  -1.941807996965e-15  -1.594987519914e-15  -4.857225732735e-16   3.913460650359e-16  -1.346145417358e-15  -3.358424649491e-15  -1.561796769419e-14   2.204845219453e-14   3.559652572704e-15  -1.961007555557e-01  -5.212850004380e-02   6.138409062883e-01   4.191212755851e-01   6.613622588114e-16  -4.246127962776e-15  -2.498001805407e-16  -7.594153900269e-16   2.983724378680e-16  -1.421094581153e-15   2.844946500602e-16   7.938596103458e-16   2.014721962048e-17  -3.747002708110e-16  -3.755317634273e-16  -5.202715115046e-16   5.551115123126e-16   0.000000000000e+00  -7.995793423256e-15   5.876375774871e-15  -1.909972210742e-15   3.707679415520e-15   7.865298755451e-03  -8.631661680604e-03   3.533678760886e-01   3.070621239255e-01
   1.560594807621e-15   6.245004513517e-17   1.043419873880e-01  -8.646141488669e-02   1.936265438986e-01  -3.622393875125e-01   2.944319959939e-16   5.426474449787e-15   3.302982068897e-15   5.551115123126e-16   3.768749944675e-16  -5.620504062165e-16   1.942890293094e-15   3.927311310888e-14  -6.733674494360e-15  -1.369737656631e-14   8.322479870064e-02  -7.616219992790e-01  -6.837258107650e-02   4.435021961295e-02  -9.669485288149e-16   5.216308713970e-16  -8.534839501806e-16   2.163768898646e-15  -8.951173136040e-16   9.623706696882e-16   1.734723475977e-16  -2.196462435881e-15   1.432690766408e-15  -6.600622826092e-16   1.555812149455e-16   2.548698292792e-16  -4.857225732735e-16   0.000000000000e+00  -4.484180883384e-15   3.877974330546e-15  -3.543484206233e-15   3.307495378317e-15  -8.446076760805e-02  -4.604891730363e-01  -3.224797339718e-04  -1.041002243891e-02
  -4.674449024413e-16  -5.022024462953e-16   4.162610374356e-01   3.558160567230e-02   9.964965638868e-04   1.119425924717e-01  -4.826857067139e-15   1.958519110072e-15  -5.721414294402e-16  -3.512815038853e-16  -8.199288721446e-16   1.036497276896e-16  -3.118382288503e-15  -1.662026346426e-15  -8.671324813214e-15   2.383076375123e-15  -7.360788366827e-01  -6.319564834138e-02  -2.156468594095e-01  -3.642632252420e-02   9.177018113369e-16   1.305860325272e-15  -1.232521029682e-15  -1.633857261981e-16  -1.306897298714e-15  -4.928281340125e-17  -1.135810195896e-15   1.436693027903e-15   9.834937697659e-16   5.001424621676e-16   3.720184685084e-15  -3.159845350429e-15   2.079933447696e-15   0.000000000000e+00   1.050182121783e-14   8.891542016554e-15   1.392278546075e-14  -1.110312678807e-14   4.604207554341e-01  -8.410558589582e-02   8.917880296715e-04  -1.518405116190e-02
   5.244157504719e-17  -3.955169525227e-16  -6.576367285793e-16   1.700029006457e-15  -6.713356005393e-16  -1.576556852251e-16   2.738144556773e-16  -7.958528989124e-16   2.214339951486e-15   4.163336342344e-17   4.689262673059e-15   6.800116025829e-16  -7.001651333102e-02  -8.523230477773e-02   6.759513852918e-01   5.859274708514e-01   2.664316195870e-15  -1.944278071875e-14  -2.433772717971e-14  -9.339751194659e-15   2.160634447865e-15  -6.350836983723e-17   2.775557561563e-16   1.201187483036e-15   1.221245327088e-15   5.782674768025e-16  -4.996003610813e-16   1.429278652218e-17   8.824476702818e-16   4.336808689942e-16  -1.374353840307e-15   4.102353811190e-15   1.110223024625e-15   0.000000000000e+00  -3.943018697576e-01  -1.464825981156e-01  -1.260171147792e-02   1.025765398604e-01   1.398592560221e-14   1.642349450881e-15  -6.598237581312e-15  -6.392456008975e-16
   2.204755265869e-16   7.285838599103e-16  -5.576630174330e-16  -1.873501354055e-15   1.200496434556e-16   3.985777243639e-16  -1.399433971888e-15   1.263300490475e-16   1.410625280421e-15   1.026956297778e-15   3.049553230971e-15  -1.158795281953e-15   2.787645116341e-02  -4.933894170171e-02   5.872911419965e-01  -6.813705461258e-01  -3.990762766688e-15   7.988401606873e-15  -2.531756242082e-14   8.174017018803e-15   2.421482191015e-15  -8.684213936901e-16   2.553512956638e-15   3.565058545090e-16  -6.349087922075e-16   5.568321028037e-16   1.360023205166e-15  -9.130894960727e-16  -6.477644312044e-16  -1.991462550421e-15  -5.486802257652e-16  -2.672620621243e-16   1.637578961322e-15   0.000000000000e+00   1.578864156880e-01  -4.020156105199e-01  -6.407792304887e-03   3.203333489112e-02   2.421001862115e-15  -7.030834248134e-15   3.940207535247e-15   7.749009767188e-15
  -1.671365411528e-17   6.058654683414e-18   4.143017792767e-16  -6.773648931222e-17  -1.792262437706e-16   1.648100402662e-16   1.397856053077e-16  -4.718447854657e-16  -1.442114316232e-18  -6.677520122317e-17  -4.683753385081e-17   3.810241637949e-17   7.844040779487e-18   2.784379088856e-15  -3.171809254838e-15   1.274313599450e-15   1.447227361308e-15  -5.599872296890e-16  -3.916406654882e-15  -6.641001973478e-16   7.693456883331e-01  -6.347602931880e-01   1.367378364426e-16   7.201792856677e-02   7.155150016918e-16   1.583353083428e-14   6.458691081210e-16   4.376266873999e-15  -2.206568261443e-15   1.823306073739e-16  -4.485840815992e-15   4.107825191113e-15  -5.119434527574e-17   0.000000000000e+00   1.191451747193e-15  -1.496000404635e-16  -5.473631142096e-16   3.839450709651e-16  -7.269647178230e-18  -5.404097979084e-17  -5.109142722956e-17  -7.039647919565e-17
  -2.947674656412e-17  -1.658124876977e-17  -1.995042733951e-16   2.216897582244e-17   1.758882293410e-16  -1.794350101821e-16   2.168828206534e-16   1.110223024628e-16   9.579608277226e-16  -1.577578202621e-16   8.500145032245e-16   4.244289127468e-17   4.917792027435e-16   2.588833672675e-16  -6.363611031580e-16  -6.672684447691e-16  -7.274957271590e-16   3.274549502356e-15  -1.942021026918e-15   1.421770900484e-15  -1.860712270612e-01  -1.148112518401e-01   3.105080603408e-15   9.758052443551e-01   1.801619335680e-15   7.853276458727e-16   1.729696392667e-15   2.363476129045e-15   5.481726184091e-16   3.090531330291e-18  -3.694958838160e-18   6.827871601445e-15  -6.936565879574e-16   0.000000000000e+00   3.547281668071e-17   2.789101037204e-17   2.025549452915e-15   2.189808163365e-15  -2.160412172388e-17   3.425806908087e-16   2.279300155129e-15   2.403924553423e-16
   2.144230948407e-16  -9.298117831236e-16   4.015773091361e-16   1.151856388049e-15  -4.893164864341e-16  -7.282491551032e-17   4.399122629390e-02   1.495934703549e-01  -8.627398578316e-02  -3.876194399392e-01  -7.772364014340e-15   4.697631172945e-15  -1.942890293094e-16   1.817412754079e-18   3.905557283004e-16   2.914335439641e-16  -6.467837993287e-17   5.238864897450e-16  -5.391398662667e-16   9.506284648353e-16  -1.024973434852e-16  -7.376594336390e-16   2.914335439641e-15  -1.176858108642e-15   1.044191823384e-01  -1.878764687138e-02   8.823085077093e-01  -1.681365240014e-01  -1.580282905374e-14   9.148931612302e-15  -2.242812925540e-15   1.466889062310e-15   3.330669073875e-16   0.000000000000e+00  -2.219626021642e-15   1.141448047193e-15  -1.652419046804e-16  -3.818872040340e-15   1.510565588763e-15  -4.822531263216e-16   3.855422925358e-16  -5.447031714567e-16
   2.697492478022e-17   3.885780586188e-16   1.122200194804e-15  -5.620504062165e-16  -2.974805942791e-16  -1.919427273376e-18   1.848707040464e-01   6.661204895999e-02  -3.570375582782e-01   1.261558754195e-01   2.860781106723e-14   7.712580574193e-15  -1.283695372223e-16   1.934251444609e-16   7.792267509628e-16   7.251144129583e-16  -1.719769269348e-15   1.455432996345e-15  -5.490579505161e-16   9.471590178833e-16   6.854537840399e-15   2.236333740208e-16  -6.591949208712e-16   4.196068766675e-15  -1.742518989844e-02  -1.006629278355e-01  -1.683003299013e-01  -8.827416787862e-01  -7.155731030502e-15  -1.284562733961e-15  -1.427881305899e-15  -9.753148129275e-15   3.191891195797e-16   0.000000000000e+00   1.012519060483e-15  -2.046973701653e-16   1.195957897192e-15   9.487252338764e-16  -3.822775534998e-16  -7.914675859144e-17  -2.679605669298e-16  -2.185751579731e-16
   1.013954133234e-01   9.415097155006e-03  -6.032214854489e-16   2.983724378680e-16   1.455028693777e-16   8.297640360912e-16  -1.354572110182e-14  -1.631133894830e-14   1.418200614505e-14  -2.110117636178e-14   4.263023164890e-01  -1.660819670095e-01   3.920475055708e-16   1.063144224060e-16  -2.591041936745e-15   1.137978600241e-15  -1.516968061157e-15  -7.147060721024e-16  -3.524681195454e-16  -1.358288481690e-15  -4.013777562493e-16   1.587129332137e-15   6.279698983036e-16   1.807568671881e-16  -1.131039706337e-14   7.502124961421e-15  -3.280362093072e-15   6.219145563393e-15  -7.005541522384e-01  -5.380867226335e-01   1.263736733782e-14  -3.801347122727e-15   3.171074514086e-15   0.000000000000e+00   6.089122682803e-17   1.409462824231e-15   1.656998663093e-15   2.926391115958e-15   1.199397035484e-15  -7.773729576721e-17   1.308632022190e-16  -1.882174971435e-16
   9.415097155006e-03  -1.013954133234e-01  -3.050884839321e-16  -2.428612866368e-17   1.493092111315e-17   2.410033651404e-16  -8.744687946097e-15  -3.026393379107e-16   1.729471951917e-14  -2.282896094385e-15   1.660819670095e-01   4.263023164890e-01  -6.921546669147e-16   9.857331585347e-17  -7.803637351849e-16  -3.833738881909e-16  -2.187402830206e-16   8.326672684689e-16   7.843498886379e-17  -9.454242944074e-17   4.862018397431e-16  -1.300766616787e-15  -3.816391647149e-17  -4.904770384600e-16   6.071532165919e-18  -7.270675194094e-15   1.614593875265e-14  -5.650545655529e-15   5.380867226335e-01  -7.005541522384e-01  -5.253905250291e-15  -1.988135164515e-15   1.101202462550e-14   0.000000000000e+00  -2.950842860376e-16   1.652757791737e-15   1.965977979933e-15  -2.362552354126e-15   1.045396811407e-16   4.252240920488e-16   7.239760006772e-16  -2.445960101127e-16
  -2.245863829065e-16  -8.673617379884e-17  -6.865792691114e-16   2.602085213965e-17   3.821036584628e-16  -3.932675774626e-15  -3.680348849641e-01  -5.689813937363e-02  -2.073879323409e-01  -1.756803660011e-02  -6.198283229575e-15   3.651592916931e-15   1.283695372223e-16   4.304703757958e-16  -1.018870834994e-15   1.032160468206e-16   2.028633593920e-15   1.837722682363e-15  -7.254027496094e-16   9.445569326694e-16  -4.115140842333e-15   1.665711030905e-14   2.862293735362e-16   1.049315988828e-15  -6.744258468274e-02   8.960607093509e-01   7.568672509884e-03  -1.022934646982e-01   1.020370051735e-14  -5.891554605286e-16  -1.197568588363e-15  -2.176786621796e-14  -3.087807787239e-16   0.000000000000e+00  -2.291684735958e-15  -7.524363077049e-17  -3.525828480988e-16  -7.030921270484e-16   2.228765267482e-15   8.893710420899e-16   9.384989530306e-16   3.820728455839e-16
   4.963988884992e-17  -3.955169525227e-16   1.641133411695e-16   1.103284130721e-15  -1.298683128839e-16   1.071696408995e-16   1.021928737698e-01  -3.898111023325e-01  -6.384897869650e-02  -1.246302297749e-01  -1.275998500970e-14   8.659739592076e-15  -1.276756478319e-15   1.255759146912e-15   9.923744257387e-17  -9.020562075079e-17  -6.292088969078e-16  -2.914335439641e-15  -6.241485272844e-16  -1.634109514370e-15   8.861633106004e-16  -1.204065964695e-15   5.384581669432e-15   1.549649015664e-15  -8.956779720875e-01  -6.770331776838e-02   1.055648908019e-01   5.274438837722e-03   6.520709930162e-15   7.761152831520e-15  -5.330992757689e-16   2.699602859708e-15  -8.604228440845e-16   0.000000000000e+00  -1.014989427230e-15   2.654126918245e-16  -3.881573655424e-16   3.145517500239e-15  -1.935059721759e-15   1.467142379807e-15  -1.095044194210e-16   1.051242426442e-15
  -2.919678787963e-15  -1.058181320346e-16   7.285053993502e-16   7.632783294298e-17   2.115364223447e-17   1.121858192006e-16   1.145873412631e-16  -8.044970629824e-17   4.254261220755e-16  -1.318389841742e-16   5.022523601794e-16   9.367506770275e-17   8.118505867571e-16  -6.362318996073e-16  -2.165990344730e-15   6.938893903907e-17  -1.843999179315e-15  -2.801578413703e-16   2.262676922970e-15  -7.285838599103e-17   6.032826795095e-01   7.543151713337e-01   1.597782033550e-01   2.037880188636e-01   1.904726376623e-15  -1.022876498686e-14   1.405126015541e-15   6.589173769417e-15   1.278119322263e-15   1.734723475977e-18   7.916060908385e-16   8.982373852254e-15  -7.355227538142e-16   0.000000000000e+00   3.005315609231e-16   2.537033083616e-16  -3.042284855410e-15  -2.163960858697e-16  -4.671384610236e-15   1.428436362250e-15   2.458048955351e-15   1.028691021254e-15
  -5.064578545003e-16   4.857225732735e-16   1.038142610881e-16  -2.359223927328e-16  -1.903099210659e-16   1.252655998501e-17  -1.661793149058e-16  -7.215002299637e-17   1.326490776483e-16  -1.110223024625e-16   1.612121163853e-16  -1.387778780781e-16  -3.053113317719e-16  -1.073075161051e-15   1.112227432850e-16  -5.412337245048e-16   3.448127278127e-16   3.989863994747e-16   2.267964618766e-16   1.144917494145e-15   9.764588525406e-02   1.220916415590e-01  -9.871529393831e-01   3.298463917826e-02  -5.016820292525e-15  -1.858828091745e-15   4.107825191113e-15   1.073183425013e-15  -2.840308377591e-16  -3.504141421473e-16   2.132627969935e-16  -3.843724289626e-16   0.000000000000e+00   0.000000000000e+00   5.065942956473e-16  -3.514549762329e-15  -7.575449928106e-16   6.043694577119e-16  -2.355045978174e-15   1.815388117610e-15   4.750973919831e-16  -1.922073611382e-15
   5.821344269206e-19   1.783465129212e-17   4.214473395759e-16   8.011895898398e-18  -2.754330316625e-18   3.944967663049e-17   6.591941259337e-16  -7.619744806087e-16   3.245537296802e-17   2.259692875429e-16  -6.770975202899e-16  -7.627816547772e-16   3.120192889226e-16  -1.098405188288e-16   1.700601867476e-15   2.144377512569e-16  -1.075196378834e-15   5.708677794054e-16   4.701665777256e-16  -6.700019356658e-18   1.978598540132e-15  -3.876673449392e-15  -2.902241666595e-17  -5.292968730917e-16  -2.902653817598e-16   3.165286195859e-15   2.191093500889e-15  -2.728076529803e-15   1.498280453171e-14   3.162387902077e-15   9.977575704056e-01   6.693153739632e-02   5.082504730886e-15   0.000000000000e+00  -4.673087473943e-16   1.024176849802e-16  -1.458197255428e-15  -2.382121255282e-15  -9.678067277514e-15   6.558910071239e-16  -4.824371060778e-16   7.051532689981e-17
  -4.497376487634e-17   1.934390983988e-17   4.427570860063e-17   2.054080043803e-17   1.587433440672e-16   1.785229588105e-16   1.453968754661e-15  -4.032480897742e-16  -2.211613711514e-16  -1.823909987104e-16   4.987205428196e-16  -1.201018732877e-16  -1.025773990812e-16  -5.287640342370e-16  -2.485732643185e-15  -1.858255477101e-16  -1.645737805673e-15   8.186909259847e-16  -4.811832950673e-15   1.767031942094e-15  -7.464712265907e-15  -2.948515158749e-15  -1.795155085693e-15  -9.071708964727e-15   8.433204801372e-16   2.338847817698e-14  -4.062346096103e-15  -1.247568654874e-14  -2.679099984897e-15  -4.628328325031e-15  -6.693153739632e-02   9.977575704056e-01   1.575377685756e-14   0.000000000000e+00   5.998448554619e-15  -2.082101013755e-15   1.393241799276e-14  -1.402705388381e-15   2.231545778735e-15  -1.258833623859e-15   5.624434658924e-15   9.961566974223e-16
  -6.318032921953e-17  -2.168404344971e-18  -6.841247974572e-17   1.439820485061e-16   2.312857486077e-16   2.774650830968e-17  -5.487726134641e-16  -1.069162644940e-15  -1.188250590810e-15  -4.440892098501e-16  -2.234991621036e-16   1.110223024625e-15  -8.500486945331e-02  -4.216255555998e-01  -4.889067386740e-02  -1.508743683050e-02   7.271120940075e-15  -1.948441408217e-14  -6.302504405648e-15  -6.106226635438e-15  -1.876395281651e-15  -2.944425577794e-15   6.106226635438e-16   1.413499071528e-15   2.498001805407e-16  -4.626218606059e-16  -8.326672684689e-16  -1.217027194116e-15  -9.010335827206e-16  -2.081668171172e-15  -2.158031323642e-15   1.204696312442e-14  -1.831867990632e-15   0.000000000000e+00   1.236702852054e-02   1.600214323649e-02  -9.002016347728e-01  -4.020123210704e-02   2.790810015874e-14   5.342948306009e-16  -3.764349942870e-15   2.803313137179e-15
  -1.145537719080e-16   2.584737979205e-16  -1.874429680410e-16  -7.771561172376e-16   8.565030013945e-17  -6.412369561433e-16   9.835120439889e-16  -1.475338004527e-15  -2.423319185928e-16  -7.632783294298e-17   1.308215663605e-15  -4.510281037540e-17   4.231718830204e-01  -8.720040404822e-02   7.072851041970e-03   2.972351661399e-02  -1.094153550097e-15  -2.872702076218e-15   1.328269347869e-15  -3.191891195797e-15   1.853736957469e-16  -9.357391973171e-16   2.775557561563e-17   1.677403862398e-15  -3.774758283726e-15  -1.020600555836e-15  -3.608224830032e-15  -1.832793469181e-16  -2.552172438626e-15   4.440892098501e-16  -2.151962131261e-15  -1.246191053483e-15   9.436895709314e-16   0.000000000000e+00  -1.762569521982e-01  -1.392654767517e-01   3.405457246897e-02  -8.722196020349e-01  -1.537971747851e-14  -4.246603069191e-15   4.787836793696e-15   2.053912595557e-15
  -3.672727774589e-16  -8.326672684689e-17  -6.612139368151e-03  -1.252032276505e-01   6.699012727093e-02   6.378762791632e-02   6.705545252549e-16  -1.482948617664e-15  -5.419003755777e-17  -3.885780586188e-16  -2.969097762376e-16  -1.040834085586e-15   3.497202527569e-15  -3.422553999161e-15  -8.794392896423e-15   7.494005416220e-15   4.663824781440e-02   4.811623766306e-02  -2.364983681041e-01   3.741790376189e-01  -4.145639628799e-16   4.975464363696e-16   1.831867990632e-15  -2.595799694109e-15  -1.110223024625e-15  -6.340349886022e-16  -6.106226635438e-16   9.086631964105e-16  -2.657672219448e-16  -1.665334536938e-16   5.962718987680e-16  -4.329824897060e-15  -3.053113317719e-15   0.000000000000e+00  -5.190810899658e-15  -1.081079670229e-14  -5.325153803807e-15   4.723714794627e-15  -1.968602706400e-02   1.821427293977e-02   5.777752728240e-01  -6.638889957586e-01
   3.253039769730e-17   5.551115123126e-17  -1.827647573050e-02   8.640523859258e-02   1.221601159902e-01   3.940962405267e-02   7.945633899511e-16   1.411009277618e-15   1.039723355192e-15   5.273559366969e-16  -4.922370676019e-16   6.106226635438e-16   1.623701173514e-15   9.999475851808e-15  -1.397287370882e-14  -1.873501354055e-15   1.139468487560e-01   3.028993077329e-02  -3.566800990180e-01  -2.435357704983e-01  -1.151864112135e-15   7.449212336203e-16  -1.332267629550e-15  -2.072835290370e-15   6.661338147751e-16  -6.060377084893e-16  -2.220446049250e-16  -5.534146295024e-16  -3.959368600337e-16   4.996003610813e-16   1.126693344588e-15  -5.455576404171e-15   1.831867990632e-15   0.000000000000e+00  -1.562896536868e-14   1.072752997544e-14  -1.825356685136e-16   5.863451812875e-15   1.478890972336e-02  -1.622988132123e-02   6.644281140607e-01   5.773606535986e-01
  -1.194769224386e-15  -4.440892098501e-16  -3.758762492632e-02   3.114641875926e-02  -6.975103781356e-02   1.304912679182e-01  -3.787079000953e-16  -2.852509521255e-15  -1.998771347060e-15  -8.049116928532e-16  -1.378551649768e-16   2.844946500602e-16  -2.498001805407e-15  -2.237194275981e-14   3.210647116279e-15   9.547918011776e-15  -4.835883229222e-02   4.425501906671e-01   3.972876153847e-02  -2.577026157913e-02   3.507874056806e-16   2.941093956042e-16  -1.026956297778e-15  -1.023216426839e-15  -8.326672684689e-16   5.203651836772e-16  -3.608224830032e-16   1.540827560527e-15  -3.152615633547e-16  -3.747002708110e-16  -1.454508174023e-15  -7.479683938767e-16  -1.042026707976e-15   0.000000000000e+00  -8.601970248567e-15   7.771561172376e-15  -4.849964139719e-15   7.449930724350e-15  -1.588093098759e-01  -8.658454078296e-01  -6.063499711331e-04  -1.957368522847e-02
  -1.177320062338e-16   1.054711873394e-15  -1.499517513347e-01  -1.281773600223e-02  -3.589728355895e-04  -4.032562810464e-02   3.456873436053e-15  -1.874186832149e-15   8.725134574015e-16   7.771561172376e-16   1.109896954009e-15   8.326672684689e-17   2.581268532253e-15  -5.044423332405e-16   6.987117132808e-15  -1.165734175856e-15   4.277080097848e-01   3.672063864921e-02   1.253043620573e-01   2.116597996598e-02   3.135598276640e-15   3.469475475385e-15  -1.110223024625e-15   1.346503675274e-15  -1.790234627208e-15  -2.008732370627e-15  -1.165734175856e-15  -9.168360845397e-16   7.022317877085e-16   4.579669976579e-16   8.756686525363e-15  -2.114790298548e-16   2.858824288410e-15   0.000000000000e+00   2.116660545563e-14   1.532107773983e-14   2.943398946519e-14  -1.907523825942e-14   8.657167640521e-01  -1.581414712545e-01   1.676805048764e-03  -2.855016304531e-02
  -3.917394755461e-17  -5.551115123126e-16   3.299158531946e-16  -1.165734175856e-15   3.557978869841e-16   2.212755956585e-17   2.753716080961e-16   3.778565493838e-16  -1.024153823190e-15  -4.996003610813e-16  -1.636467853349e-15  -2.081668171172e-16   3.364719347968e-02   4.095930678549e-02  -3.248357560487e-01  -2.815737893658e-01  -1.172896061119e-15   9.214851104389e-15   1.193906325810e-14   4.551914400963e-15   1.810135529384e-16  -2.921777190283e-16   8.604228440845e-16  -9.228554959267e-16   1.804112415016e-15  -2.412647532204e-15  -1.054711873394e-15   1.064159304277e-18   3.062278270403e-16  -5.967448757360e-16   2.667137253293e-16   4.110443663088e-15   1.304512053935e-15   0.000000000000e+00  -8.205035625632e-01  -3.048159362805e-01  -2.622292703908e-02   2.134517303775e-01   3.193779530409e-14   1.429412144205e-15  -1.598027266070e-14  -1.942890293094e-15
  -1.821880675157e-16  -2.775557561563e-16   2.661938480085e-16   1.110223024625e-15  -1.654355811946e-16   1.822427611700e-17   4.472654428897e-16   2.204033999762e-17  -6.501640904397e-16  -1.221245327088e-15  -1.742943839636e-15   4.718447854657e-16  -1.339633039691e-02   2.371036257792e-02  -2.822291162977e-01   3.274399924552e-01   9.274483383059e-16  -4.073130721594e-15   1.204959455694e-14  -4.142519660633e-15  -2.086478578508e-15   3.627045526821e-16   2.886579864025e-15  -2.297049702074e-16   1.665334536938e-16   6.511433489999e-16   1.665334536938e-15   4.476012225256e-16   5.304661064273e-16  -2.428612866368e-15   1.003704553401e-15  -3.926786678842e-15   3.053113317719e-15   0.000000000000e+00   3.285461634559e-01  -8.365551014007e-01  -1.333398803703e-02   6.665823171241e-02   8.160416519056e-15  -1.090794121694e-14   5.797445856714e-15   1.501576640806e-14
   3.794962634082e-17   5.551115123126e-17  -1.025546799822e-16  -3.330669073875e-16  -2.343502737685e-16  -2.919680556269e-16  -1.935878561391e-16   9.549586085180e-16  -2.042727872751e-16   0.000000000000e+00   5.547832819564e-17  -1.110223024625e-16   5.273559366969e-16   4.718447854663e-16  -6.938893903907e-17  -2.775557561563e-16   1.878922364917e-16   1.387778780781e-17   6.106226635438e-16   8.326672684689e-17   3.634263107607e-16   3.086191633748e-16  -2.220446049250e-16   1.214450640228e-15  -8.881784197001e-16   3.729064252502e-16  -4.718447854657e-16   8.090680297529e-16  -4.785507175686e-15   1.231653667944e-14  -4.272564314621e-15  -1.567485468643e-14   1.000000000000e+00   0.000000000000e+00   6.715548126748e-16   4.614364446098e-15  -2.164934898019e-15   4.817228083297e-16  -3.571192388989e-15  -7.736866702857e-16   1.003537530853e-15  -3.386180225107e-15
   0.000000000000e+00   0.000000000000e+00   0.000000000000e+00   0.000000000000e+00   0.000000000000e+00   0.000000000000e+00   0.000000000000e+00   0.000000000000e+00   0.000000000000e+00   0.000000000000e+00   0.000000000000e+00   0.000000000000e+00   0.000000000000e+00   0.000000000000e+00   0.000000000000e+00   0.000000000000e+00   0.000000000000e+00   0.000000000000e+00   0.000000000000e+00   0.000000000000e+00   0.000000000000e+00   0.000000000000e+00   0.000000000000e+00   0.000000000000e+00   0.000000000000e+00   0.000000000000e+00   0.000000000000e+00   0.000000000000e+00   0.000000000000e+00   0.000000000000e+00   0.000000000000e+00   0.000000000000e+00   0.000000000000e+00   1.000000000000e+00   0.000000000000e+00   0.000000000000e+00   0.000000000000e+00   0.000000000000e+00   0.000000000000e+00   0.000000000000e+00   0.000000000000e+00   0.000000000000e+00
