ARMA_MAT_TXT_FN008
42 42
  -1.269583862513e-01  -8.825005606251e-01   2.509981300920e-15   5.449416959347e-15   1.292235180846e-15   1.731945861652e-15   3.007929145674e-14  -1.155802883956e-14   1.106919913986e-14  -3.334057832250e-15   2.561371363534e-01   3.634337921467e-01  -2.700133767663e-15  -1.033216268323e-15  -4.709774237277e-16   4.390310489042e-15   1.160292702493e-15  -1.106807787782e-15   4.383429383359e-16   2.774781870302e-16   4.770116911874e-16  -1.053844511656e-16  -1.660054764982e-16  -7.054865471635e-16   2.692073994282e-16  -1.180391435652e-15   3.504837543540e-16  -1.110494075168e-15  -2.513836283567e-02   8.217078238243e-02   1.202522844118e-14  -4.023186324388e-14  -3.519460152882e-17   7.307522642552e-15   6.368603561180e-16   3.906574226659e-16  -9.810157099440e-16   1.881976319697e-16   1.857300611046e-16  -7.385856249514e-16  -1.091137678258e-15   4.041634648483e-16
   8.825005606251e-01  -1.269583862513e-01  -4.154534760932e-16   1.643216812619e-15   1.288736762214e-16  -1.780055736984e-15   4.854566800657e-15  -7.047314121156e-16   1.792047901569e-14   5.241842762175e-16  -3.634337921467e-01   2.561371363534e-01  -5.562920365593e-16   1.065307597736e-16   6.539907504433e-16   3.740653318015e-15  -2.438052728950e-16  -2.038300084273e-16   1.474514954580e-16   2.894309807636e-16   1.205803803399e-15  -6.591949208712e-17   2.124621302106e-16  -3.036732103995e-16  -9.831545300099e-16   2.882824012367e-16  -1.457162657872e-15  -5.991843306241e-16   8.217078238243e-02   2.513836283567e-02   2.305192954112e-16  -6.580663646277e-15   5.114442059055e-17  -1.171979180370e-14  -1.400789206851e-16   3.596391468279e-16   5.683881581027e-16   2.110884433154e-16   1.398389848400e-16  -1.033244670379e-16  -2.236370268659e-16  -4.217546450969e-17
  -3.465555693017e-16   4.046676188585e-15   8.331019787181e-02   6.652646299783e-01   3.908363392485e-01   1.654448998897e-01   5.196025720841e-16   3.398323289439e-15   3.300691304410e-15   8.170360432458e-16  -9.922618282587e-16  -1.051503824178e-15   1.145221329714e-14  -4.660094194272e-16   8.951173136040e-16  -9.282988284154e-15   3.034727051561e-03   3.732846601838e-02  -5.619830505139e-01   2.083937195407e-01   1.935277237009e-16   7.494005416220e-16  -4.343713823948e-16  -7.211265709670e-16   1.960237527854e-16   5.714450386034e-16  -4.539406815268e-16   5.802650027142e-16  -9.714451465470e-17  -2.470534967393e-16   3.112272031909e-16   3.828615181298e-16  -2.450482674340e-17  -4.996003610813e-16  -9.124645483638e-16   1.520368236737e-15   1.995732241938e-15   9.388084202458e-16   6.822358325180e-04  -1.205933948328e-03  -8.108062049855e-02  -5.590905077271e-02
   1.062690484062e-15   6.857578740971e-17  -3.259935759672e-01   9.367255136695e-03  -2.359275030521e-01   6.838284377015e-01   2.780567074841e-15  -9.194034422677e-16   7.514263686824e-16   6.643958814468e-16   5.659535340374e-16  -8.065985032883e-16  -4.275078171077e-15   7.881663340553e-15   1.595945597899e-16  -9.195704024697e-15   8.495685855723e-03   1.253875600580e-02   2.095060362044e-01   5.626129567172e-01   1.307587474480e-15   4.900593819634e-16  -5.877406107929e-16  -1.459257812858e-15   1.595945597899e-16  -1.886061513652e-15  -4.147761311130e-16  -9.548026431994e-16  -8.738669510233e-17   1.099287926658e-16  -1.378878572707e-15   5.841399212713e-16  -2.202799808617e-17   3.226585665317e-16   1.418136441611e-16   7.079000891297e-16   1.220158840545e-15  -1.493694902990e-15   5.674713755088e-04   1.912480173796e-04   5.591485796327e-02  -8.108624273288e-02
   2.087759305696e-15   5.477389375397e-16   6.156303046592e-01  -2.823026075837e-01   1.949531615710e-01   3.646100745681e-01   5.836765085970e-16   2.836272883222e-16   2.384198465127e-16   1.679245238671e-15  -2.428612866368e-16  -2.608675252282e-15  -2.349547124863e-15   2.584666670555e-15  -2.459837888935e-15  -1.141172894319e-14   5.647652860033e-01  -2.039240399015e-01  -1.051991793584e-02  -6.599272854331e-05  -7.238128233598e-16   5.030698080333e-16  -2.544015742910e-15  -1.475401386429e-15  -1.942890293094e-16  -8.202414986389e-16  -5.955787615242e-16  -5.096834412854e-16  -9.280770596476e-17  -1.319699703352e-15  -2.562370165849e-17   3.555547541823e-16   2.318700215154e-17   3.538835890993e-16  -2.558717127066e-16  -4.138902223581e-16  -8.046254025415e-16   6.853294396680e-16  -6.521106754650e-02  -7.381633675120e-02   6.668458188241e-04  -1.706337911786e-04
   2.838250877379e-16   2.120699449382e-15   3.707149892981e-01   3.275410513643e-01  -6.190485521881e-01  -4.133790465152e-02   4.868771517116e-16   1.994931997373e-16  -3.137175303252e-15   2.705114825294e-15   4.362829542082e-16  -1.023939650409e-15   1.241666398369e-14   4.799172379464e-16  -7.993605777301e-15  -4.477463838346e-15  -2.039958353293e-01  -5.634890118940e-01  -2.875966634189e-02   2.634823689321e-02  -7.213256300000e-16  -1.873501354055e-16  -2.854671599978e-16  -7.799532698646e-17   2.532696274926e-16   2.141887170132e-16  -2.954101395930e-16   1.841842650618e-15   3.989863994747e-16  -1.145735180169e-15  -6.628936075838e-16   2.097406281833e-16  -6.232086068067e-17  -3.191891195797e-16   9.488937413593e-16   2.089328966387e-15   2.034073030472e-16   2.614459459389e-15  -7.381421205371e-02   6.520326891575e-02  -9.086563296603e-04  -9.893767850863e-04
  -2.646654335944e-16   1.344410693882e-17   7.861850164055e-17  -8.049116928532e-16  -2.313395899340e-15   3.560731824182e-17   1.609402337889e-01   3.410707711560e-01   4.127381955663e-01  -6.517393921478e-01   3.918740332232e-15  -2.340517572764e-14  -1.774140816767e-15  -9.933501468752e-16  -1.172673069760e-15   2.377661021688e-15  -3.143389534720e-16  -4.017185889493e-15  -6.149594722338e-16  -1.441044995607e-15   8.023381201240e-16  -1.092875789865e-15   2.486256878748e-15   3.952138289068e-15   4.881577946223e-03  -6.807229923133e-02  -5.596607012188e-02  -5.048386357280e-01  -5.681219383824e-17  -7.749102962751e-15   1.355231680064e-15  -2.737178072185e-15   1.868373356816e-16   1.020017403874e-15   7.034303695086e-16  -4.533578620837e-16  -6.679951471761e-16  -1.120164356930e-15   3.889895741747e-16  -4.479923376710e-16  -3.609851133290e-16  -5.269222558280e-17
   7.571464129571e-16  -4.336808689942e-18   3.497331986026e-16  -5.551115123126e-16  -3.226049980392e-15  -2.828797378187e-16  -2.482352680352e-01  -2.250983102766e-01   7.365405255247e-01   2.873432439078e-01   2.174562613311e-14  -2.153608719870e-14  -2.011404411185e-15   1.942880142821e-16   2.220446049250e-16  -1.300958982834e-15  -2.710125326301e-16   1.424641654646e-15   2.498001805407e-16  -1.536688604706e-15   3.296885571367e-15   2.463307335887e-16   2.257957696047e-15  -6.824347070993e-15  -5.775748749527e-03   4.790725839936e-03  -5.093970553499e-01   5.576958425212e-02  -1.474081273711e-15   3.937897845266e-15   8.342055094561e-15  -1.094502079322e-14  -8.129272650900e-17  -3.608224830032e-16  -2.046973701653e-16   2.685632254272e-15   2.486305923608e-16   1.377572001991e-15  -1.169161811229e-16  -4.401860820291e-17  -3.874531988649e-16   4.315124646492e-16
   5.917706477699e-02   4.113457518156e-01   8.828531873971e-17  -1.942890293094e-15  -1.205796099826e-15  -2.060013021021e-16   4.827886439754e-14  -1.830566948025e-14   1.774675448763e-14  -5.361767991850e-15   4.193580087285e-01   5.950284037258e-01  -2.989819652770e-15  -1.248253414320e-16  -7.320533068622e-16   9.052449267501e-15   2.534486078063e-15  -6.416308456769e-16  -1.804979776754e-15   7.017606093214e-16   2.136157962583e-15   1.162264728904e-16  -2.804401026524e-16  -3.267672853911e-15   2.892217715322e-15  -3.131320613467e-15   2.967913716805e-15  -8.035455981159e-15  -1.595300548325e-01   5.214623364612e-01   7.933150065838e-14  -2.543769741469e-13  -7.993345912898e-17   4.600486658290e-14  -3.439089291124e-16   1.588338749357e-15   1.098594933176e-15   2.060474071336e-15  -1.544617599166e-15   2.920840652676e-16   1.535094750968e-16   3.511730836681e-16
  -4.113457518156e-01   5.917706477699e-02   1.064407630100e-15  -6.046053414865e-16  -1.039508517502e-15   1.765351135373e-15   6.071039340103e-15  -1.676176558663e-16   3.124370791207e-14   2.888266493216e-15  -5.950284037258e-01   4.193580087285e-01  -1.833737485283e-15   3.245009618596e-16   1.654384094996e-15   5.088641052876e-15   1.250977227563e-15  -3.372885195967e-17  -4.061827913945e-16   2.281592820818e-16  -7.292602852440e-16   1.225690555995e-16   2.404056670095e-16  -7.193164661080e-16  -4.592666850121e-15  -9.553892526307e-16  -5.860663354881e-16  -2.244806716813e-15   5.214623364612e-01   1.595300548325e-01   2.209361876946e-15  -4.224292097796e-14   2.303306045620e-16  -7.364952831629e-14   4.724614254513e-16  -1.327022528692e-15  -1.361211429840e-15   8.155900598670e-17   6.687852779481e-16  -6.270296917322e-16   9.917559378310e-17  -3.291570033030e-18
   5.728247316852e-18   3.092144595929e-16   5.834088841922e-16  -1.110223024625e-16  -9.323446609014e-16  -1.316046158026e-15   8.001797997021e-01  -4.643091836348e-02   1.506627289535e-01   2.687104077226e-01  -2.082622269084e-14  -5.492703631819e-14  -3.234436577226e-16   2.780545992317e-15   1.179611963664e-16  -6.676022805020e-16  -5.616835988369e-16   2.989795910846e-15  -1.037364638634e-15  -3.647297477042e-15   2.057916349412e-15   4.857225732735e-17  -2.241069785350e-15  -2.685573912208e-15   4.368154910051e-01  -2.649749265885e-01  -3.033863813387e-03   4.028929910363e-02   3.794707603699e-15  -1.211172233655e-15   7.043584221454e-15  -5.133236367168e-15   4.124528901474e-16  -1.762479051592e-15   1.039099362110e-15  -7.118683730469e-18   1.141414599608e-15  -8.244410876438e-16   1.256966560917e-16  -6.938893903907e-16   1.252524559764e-16   6.977925182117e-16
  -6.476600046956e-16   7.892991815694e-16  -4.927831161423e-16   7.528699885739e-16   1.325170199415e-15  -7.511167400600e-16   9.766198925721e-02  -7.537862646262e-01  -4.247424431761e-02  -3.972561199408e-01  -1.746172650918e-14  -2.184009669371e-14  -2.006167763242e-15   6.420321412735e-16  -3.511080315377e-15   4.732163133041e-15   7.180701542968e-16  -3.119032809806e-15  -3.845014584503e-15   4.698249885093e-16  -2.949689160681e-16   4.510281037540e-16  -3.123970629176e-15  -3.243458356325e-15  -2.679308765253e-01  -4.333398391069e-01   5.015129192821e-03   5.528466858774e-02  -1.753805434213e-15  -8.480099570830e-16   8.899238966368e-15  -1.220144956548e-14  -4.973406470629e-16  -3.941291737419e-15  -5.221517662690e-16   3.138432708605e-18   1.666673332296e-15  -5.536781122711e-16   7.485301323192e-16   7.520026268359e-16  -7.807881945154e-16  -7.086345399365e-16
   6.327707859864e-18  -1.203464411459e-16   1.794903045145e-16  -2.896988204881e-16   9.665517004626e-16   1.517941764639e-15   1.500335224677e-15  -1.728651943811e-15   1.066614771096e-15   6.780281035323e-17   1.739060284667e-16   3.418161668121e-15   6.953290956926e-01  -4.924749939440e-01  -6.785993709782e-02  -3.082433389727e-02   6.907074511689e-15   1.265827720420e-14   1.783295733304e-14   3.848278849911e-15   1.902788553766e-15  -4.163336342344e-17   1.381334022642e-15  -3.362605996392e-16   7.728193085477e-16  -1.930711796083e-15  -5.645481586487e-17  -2.073861915530e-15   2.667137344314e-16  -1.259814517045e-15   4.349462473592e-16   2.252198262335e-15   3.446623893416e-17   1.366962099070e-15   7.116366371120e-03  -1.308356180451e-03  -8.666679973172e-02   5.107516321639e-01   1.217622234742e-14  -3.943676982199e-15   8.212750141415e-15  -4.309053114326e-15
  -7.436166676385e-16   5.636767094752e-16   4.416859245183e-16   4.371503159462e-16  -4.310807479182e-16  -1.493439416240e-15   2.369536554268e-15  -6.019490461640e-16  -1.120329810921e-15   8.827493319011e-16  -6.132247487578e-16  -1.788636593583e-15  -4.912279585253e-01  -6.978006027311e-01   4.637233143528e-02  -3.447172853743e-02  -2.241725305011e-15  -9.375096185482e-15  -6.436691457612e-15   9.992227659696e-15  -7.201086013789e-16  -2.740863092043e-16  -1.146830174361e-15  -1.944425446377e-15   4.952635523914e-16   3.247377191734e-15   6.065809414480e-16  -4.037568890336e-16   8.556523545256e-16  -1.611115405870e-15   2.123864591483e-17  -2.033226814362e-15  -1.014554940245e-17  -1.471045507628e-15  -3.711161600444e-02   6.019149370240e-02   5.059103789708e-01   8.651658160769e-02   1.099637005904e-15  -6.894441614835e-15   7.955225020395e-15   9.590418736938e-15
   2.007757480454e-16  -4.284333304794e-15  -5.764926549160e-02  -4.603520127848e-01  -2.704522190641e-01  -1.144851074853e-01  -1.118940574561e-16   1.578598363139e-15  -9.455771651625e-16   1.160316993967e-15  -4.683753385137e-16  -4.150168848333e-16   1.286621020603e-14  -2.127478440110e-16  -1.304512053935e-15  -8.226678942523e-15   3.217504952052e-03   3.957671389419e-02  -5.958306026458e-01   2.209450185161e-01  -5.637782564289e-16   9.020562075079e-16  -5.546748665015e-16  -1.060894078870e-15   6.938893903907e-16   1.095921894444e-15   1.133531034320e-16   8.734332701543e-16  -5.204170427930e-17  -5.647780649215e-16   1.128644908697e-15  -3.731126387758e-16   6.570976244628e-17  -3.885780586188e-16  -6.852157730108e-15   2.988366384492e-15   1.106833778921e-14   6.655642058039e-15   3.749829641216e-03  -6.628275222814e-03  -4.456501690212e-01  -3.072975733716e-01
  -8.191365190344e-16  -6.353424730765e-17   2.255821098685e-01  -6.481984103961e-03   1.632578916827e-01  -4.731978576791e-01   1.152516525211e-15  -1.948311303956e-16   2.082564383121e-15  -2.363151840958e-16  -1.849919956803e-16  -8.884322747108e-17  -1.764303333519e-15   8.002885275135e-15  -5.117434254132e-17  -9.945927084131e-15   9.007370629196e-03   1.329394995193e-02   2.221243286527e-01   5.964984473297e-01   2.303941754414e-15   1.129738663730e-16  -2.636787859743e-16  -1.031555257441e-15   5.973953970395e-16  -4.294936992491e-16  -7.313056719809e-16  -9.969916602362e-16  -3.945818281489e-16   1.331306905997e-15  -1.790970046935e-15  -5.007885673644e-17  -4.834686236589e-17   7.853960537485e-16  -1.255777166281e-16   2.391374061603e-15   4.393834666614e-15  -9.336342896048e-15   3.119040195490e-03   1.051172410202e-03   3.073294919169e-01  -4.456810709761e-01
  -9.142512040253e-16   1.374768354712e-16  -4.260058886498e-01   1.953486894678e-01  -1.349043317257e-01  -2.523040819328e-01   1.022801421791e-16   8.430756093247e-16  -1.886528290914e-16   2.183494910097e-15  -5.186823193171e-16  -1.015517062329e-15   4.255656569875e-16   3.403253237710e-15  -1.276756478319e-15  -1.494221546469e-14   5.987804087775e-01  -2.162061355362e-01  -1.115351973296e-02  -6.996738990760e-05  -1.676858044621e-15   9.367506770275e-16  -2.465460085639e-15  -1.117351065585e-15  -6.886852199628e-16  -3.839753543552e-16   4.090914467239e-16  -8.571702375670e-16   1.890848588815e-16  -2.139845750893e-15   6.802611967462e-16   2.568289704835e-17   9.192049448841e-19   9.992007221626e-16  -1.148386941097e-15  -4.147781572873e-15  -4.174281777849e-15   5.060317338969e-15  -3.584250230876e-01  -4.057228810956e-01   3.665240226860e-03  -9.378687214271e-04
  -4.055858312099e-16  -8.353777739001e-16  -2.565285809625e-01  -2.266529369976e-01   4.283712588487e-01   2.860513959874e-02   1.877831439915e-15   7.676151381197e-16   2.214785675880e-15   2.681316576586e-15   1.183948772354e-16   1.384357816309e-15   1.232184588329e-14   1.078140969235e-16  -8.434225540199e-15  -3.480129773284e-15  -2.162822551149e-01  -5.974272662388e-01  -3.049182588819e-02   2.793515899168e-02  -3.037726035994e-15  -3.608224830032e-16  -2.820059893067e-16   9.291944393411e-16   5.967448757360e-16   9.484176207136e-16  -5.256964096447e-16   1.686584899518e-15   1.135810195896e-15  -1.570045122833e-15   1.025701661221e-15   8.690801076590e-16  -3.238442701750e-17  -3.989863994747e-16   1.259409243559e-15   5.157325751899e-15   4.659581728721e-15   1.274193065494e-14  -4.057112029438e-01   3.583821588237e-01  -4.994323482052e-03  -5.437994045782e-03
  -9.175727559813e-16  -8.630249292985e-17  -1.313532805768e-15   1.287598500044e-15  -4.895593414904e-16  -1.018049898992e-15  -6.686096463215e-16   1.467576060676e-15  -2.957999150573e-16   6.511290322880e-15  -2.452465314162e-16  -1.009944700921e-14   8.519387499477e-03  -4.595307788222e-02   3.314362482486e-02   8.533970449933e-01   1.585600621659e-14  -9.870142897439e-15  -6.638786742563e-15   1.692650492221e-14  -3.376476264585e-15  -9.679756995951e-16   5.027178166781e-16  -2.804810282266e-16  -5.143455106271e-16  -2.435955771528e-16   2.692341544231e-15  -4.756774401454e-15   1.305596256107e-15  -2.842525817318e-15   2.058015410721e-15  -3.595746035897e-16  -2.524265112360e-17  -5.412337245048e-16   1.675061002223e-02   5.144450024661e-01  -5.846700405597e-02  -8.836534289061e-03   2.863514355163e-16  -5.575401251789e-15   2.406251196560e-17   2.336889362575e-15
  -8.442224177186e-17   1.665334536938e-16  -6.529909008525e-16   9.436895709314e-16   3.864142422757e-16  -1.957396853715e-16  -9.027759733402e-16   1.845745778439e-15  -2.378328603431e-16   2.889873146952e-15  -1.526556658860e-15  -6.062176512118e-16  -8.190996937481e-02  -5.435080806427e-04  -8.507146510716e-01   3.382788152069e-02   1.447071047259e-15   9.867107131356e-15  -1.353084311262e-15   2.635454963111e-16   5.584457973952e-17  -3.330669073875e-16  -1.488275424011e-16  -2.678992102653e-16  -1.137978600241e-15  -6.010335439262e-18   1.303435861084e-16   8.291978215169e-16   2.914335439641e-16  -2.127929830059e-16  -1.422687671302e-17  -5.400507411667e-16   2.544595933215e-16   1.332267629550e-15   5.164515667041e-01  -1.234220918707e-02   3.944467151149e-02  -5.342383728662e-04  -4.383312552334e-17  -2.151057110211e-15  -3.847182988848e-15  -2.619432448725e-15
  -1.049507702966e-16   6.631775870870e-17   6.143194127745e-18   1.256753216153e-16   2.022556666216e-16   2.607544547111e-17  -6.282915166230e-16  -5.955130644915e-16   3.747507411178e-17   5.551115123126e-16  -3.630023897385e-16   1.665334536934e-16   6.642302429734e-16   1.581021365511e-15   1.110707513062e-16   1.492221862103e-15  -3.313028348017e-15   1.486578053742e-15   6.657297547224e-16  -4.231422349938e-16   2.963802717554e-02   1.055272749109e-15  -9.925379923835e-01   1.182789965314e-01  -5.944369971049e-16   5.464607949562e-15  -4.981685512550e-15  -5.137478122661e-15   1.870041827403e-16   2.333203075106e-16   3.477884398152e-16  -4.727121472260e-16   1.107200828233e-30   4.155167659410e-21  -4.604677805975e-17  -5.501118541604e-16   6.169324342517e-16   3.428316419744e-15   4.548902155669e-16   2.423183889769e-17  -1.578440739726e-16  -1.966251450682e-16
   6.071532165919e-17   1.343003668458e-16   1.102320819138e-16   3.627553618201e-17   4.834086384202e-16  -2.640435019975e-16   4.535559857600e-16  -6.891454730461e-18  -5.731913836313e-16  -6.106226635438e-16  -9.858216797393e-17  -2.151057110211e-16   4.129875346406e-16   1.403787639877e-15   2.370310717499e-16  -5.787901322914e-16  -2.710031164099e-15   7.005894148311e-16   6.342313383922e-16  -2.860071335128e-15  -2.747332139137e-04  -6.893463190558e-16  -1.183390640910e-01  -9.929732073081e-01  -1.496467289969e-15   9.185047674374e-15   1.046748384564e-14  -1.024592732973e-14   2.027274528650e-16  -6.179952383143e-15  -1.215873694603e-15   2.107689023313e-15  -9.598923144275e-31  -3.859281699247e-23   6.675406290765e-17   1.199585786624e-15  -1.405378566925e-15   6.180788082198e-16  -1.558582521883e-15   1.085880059346e-16   5.385424053422e-17   7.715390924094e-17
  -2.443282320177e-16  -1.756407519427e-16  -4.627052714159e-16   2.515349040166e-16   1.988999323627e-15  -2.045933389567e-16  -9.605470386442e-02  -2.035628453427e-01  -2.463364456190e-01   3.889806348339e-01  -2.337539883879e-15   1.358752037499e-14  -6.675431599997e-16   1.182791868983e-15   3.191891195797e-16  -6.216845344307e-15  -2.102513251447e-15  -1.461070847641e-15  -1.429412144205e-15  -1.652838137084e-16   3.215495513325e-16  -1.398187121637e-15   5.313455076026e-15   5.646991923776e-15   8.179113196089e-03  -1.140555466009e-01  -9.377148694745e-02  -8.458601691640e-01  -8.977193988180e-17  -1.268220014623e-14   4.373157167153e-15  -4.968483752233e-15   8.368107315151e-17   1.644517855226e-15   7.580741590019e-16  -1.571482612970e-15   2.519726907594e-17  -1.873510938585e-15   2.311876055813e-15  -4.926614671774e-16  -8.482120171169e-16   2.040468488618e-16
  -1.446563382679e-15  -3.165870343658e-17  -1.026118298827e-15   3.773023560250e-16   1.323612223860e-15  -2.183454774641e-16   1.481554027758e-01   1.343464652994e-01  -4.395928873584e-01  -1.714963968376e-01  -1.287598500044e-14   1.201793271296e-14   3.364060025985e-16   1.483021881450e-15  -2.775557561563e-16   1.168378265993e-15   1.190433395039e-15  -5.481726184087e-16   1.340073885192e-16   1.135968218768e-16   3.903253415825e-15   1.318389841742e-16   2.116317132649e-15  -9.009929450407e-15  -9.677301752626e-03   8.026889945823e-03  -8.534978286449e-01   9.344227369143e-02  -2.377438523826e-15   7.014813291252e-15   1.580425341213e-14  -2.087756225609e-14   1.516946397141e-17  -7.979727989493e-17  -1.253337711393e-16   5.558420827040e-15   1.085085857381e-15   2.074476736035e-15   1.224803612717e-15   6.277530578691e-17  -6.954547072772e-16   2.486075581509e-16
  -2.561827403873e-02  -1.780752092790e-01   3.195855796294e-17   7.936359902594e-16   1.954108693492e-16   2.479538586609e-16  -3.536686962494e-14   1.305726360368e-14  -1.243276414722e-14   3.499877212835e-15  -3.006596553516e-01  -4.266069350412e-01   2.206885395586e-15   1.034545991056e-15   9.020562075079e-17  -3.316197599028e-15  -4.430497514340e-16  -9.714451465470e-16   9.623378482981e-16  -6.645319604078e-16   1.437861752820e-15   1.040834085586e-16  -3.425665090909e-16  -4.591426831199e-15   3.223116218365e-15  -3.551850989384e-15   6.287100677505e-15  -1.193370489233e-14  -2.439272216635e-01   7.973347659708e-01   1.234339473730e-13  -3.883281498503e-13  -7.420641530610e-17   7.096406795526e-14  -3.131175874138e-16   2.769404074452e-15   3.577772731115e-15   3.374256214964e-15  -3.576152074730e-15  -2.185751579731e-16  -1.477360985283e-15   5.744103109828e-16
   1.780752092790e-01  -2.561827403873e-02  -3.938958538318e-16   2.723515857284e-16   6.365763490102e-16  -8.695191860713e-16  -4.811999123456e-15  -3.816391647149e-17  -2.226211465357e-14  -2.062739787623e-15   4.266069350412e-01  -3.006596553516e-01   1.589659959573e-15   4.306060428842e-16  -3.053113317719e-16  -3.017982029435e-15  -4.976488080764e-17   4.067926551166e-16  -6.184289191857e-16   4.754584734669e-17  -2.227889255870e-15  -9.714451465470e-17  -1.112011867835e-16  -1.253111997703e-15  -5.759281940243e-15   4.907943504291e-16  -4.815886498849e-16  -3.805332784990e-15   7.973347659708e-01   2.439272216635e-01   5.755326412236e-15  -6.408286833263e-14   2.693888354312e-16  -1.125766146970e-13   4.198030811864e-16  -1.039722710916e-15   1.005404879865e-15   4.996330257754e-16   1.702647273454e-16  -7.901665433074e-16  -2.283600825798e-16   1.929879867024e-16
   2.852840001441e-16  -3.183217578417e-16  -3.645519018964e-16  -9.367506770275e-17   8.972171092616e-16   2.024490585210e-16  -4.775750096118e-01   2.771157968744e-02  -8.992073313386e-02  -1.603756750654e-01   1.191408083301e-14   3.209601720961e-14  -5.802974816541e-16  -2.293124243565e-15   4.163336342344e-16   1.280062379739e-15  -3.849006529081e-16  -7.936359902594e-16  -9.540979117872e-16   1.300785605729e-15   2.107332436306e-15   2.844946500602e-16  -4.167246033850e-15  -5.829159646824e-15   7.318869812374e-01  -4.439670824820e-01  -5.083257058385e-03   6.750496286035e-02   6.522560269673e-15  -2.554609623458e-15   1.220111713469e-14  -1.028285441181e-14   7.222915331816e-16  -4.274358644807e-15   1.571659469235e-15   5.640258509249e-16   1.153944587406e-15  -2.136705396989e-15  -8.385446055549e-16  -7.936359902594e-16   5.621859314880e-16   1.204765454066e-15
   1.024590452755e-15  -2.818925648462e-17  -2.107513634046e-16  -4.302114220422e-16   4.173505692099e-16  -4.194467448757e-16  -5.828805660375e-02   4.498857415647e-01   2.535009962234e-02   2.370962068396e-01   1.055752707479e-14   1.169638956041e-14  -4.285816372467e-16  -2.205686342125e-15   2.289834988289e-15  -2.464751772576e-15  -1.842703554752e-15   5.221517662690e-16   1.809316585444e-15  -1.339318876143e-15   1.158384203364e-15  -6.522560269673e-16  -5.412802926342e-15  -6.460143795963e-15  -4.489197943718e-01  -7.260635055870e-01   8.402879112651e-03   9.262979458053e-02  -2.648922747817e-15  -1.023796677318e-15   1.545240406426e-14  -2.065407662344e-14  -3.263850149212e-16  -6.883382752676e-15  -1.224714774040e-15  -1.043297321557e-16   1.791157801723e-15  -1.316274544255e-15   1.409282467615e-15   2.133709875451e-16  -1.455920887322e-15  -1.667069260414e-15
  -6.694862578542e-16  -3.001071613440e-16   2.490012737813e-17  -1.942890293094e-16   2.894101144372e-16  -8.552558970833e-17  -4.923291590559e-17   6.938893903907e-18  -6.069528863190e-16  -2.900942821898e-16   1.942890293094e-16  -9.838210243469e-16  -8.073371120720e-16   8.630409312730e-16   8.326672684689e-16   1.604251802284e-15  -4.458198382776e-16  -9.124645483638e-16   9.679756995951e-16  -2.215466261638e-15   6.637961999499e-01   7.476544525404e-01   1.952237423703e-02  -2.510265474532e-03  -1.422473250301e-15   1.217670910506e-15   3.652138588424e-15  -1.396452398161e-15   1.790234627208e-15  -1.394273464395e-15   3.044317964866e-15  -4.081735710609e-15   1.068864836251e-15  -1.332267629550e-15   1.255939796607e-15   3.546822362374e-15   1.244775923586e-15  -1.045688138611e-16  -2.866600736719e-15   1.316655118266e-15  -1.754022274647e-15  -3.694961003831e-16
   6.943327615974e-16  -1.968911145234e-16   1.021577130461e-16   2.636779683485e-16  -5.787776978501e-17  -1.547227952451e-16   1.758511185233e-16   9.506284648353e-16   7.430089278013e-16   5.198986796741e-16  -2.255140518770e-16   1.042780871870e-15   1.056456383272e-15  -1.235932651438e-15   1.942890293094e-16  -1.504909692612e-15  -4.964670807184e-16   8.326672684689e-16   1.273287031367e-15   8.084299892528e-16  -7.473259776021e-01   6.640879607375e-01  -2.197900110441e-02   2.826148447274e-03   1.366962099070e-15  -1.931103580523e-15  -4.041757478656e-15  -1.138845961979e-15  -1.953298633950e-15   1.362966186443e-15  -3.490204540732e-15   4.450787855243e-15   9.493961642284e-16  -6.550315845288e-15   1.020017403874e-15  -1.587439958270e-15  -1.007099638797e-15  -4.406606634626e-17   3.950555796342e-15   4.163336342344e-17   1.169745723895e-15  -8.274630980409e-16
  -3.093513566315e-16   7.387815272864e-18   1.832949212174e-16   1.223627616568e-16  -4.299662780734e-16   2.963569996695e-16   2.086606501468e-16   2.944426492645e-17   1.405499070327e-15  -3.974748291111e-16  -1.838391380798e-16   1.353233740815e-15   1.761949650680e-15  -6.341104569860e-17   1.381169983111e-16   7.527113415976e-17   2.962350437050e-16  -5.074906083815e-16  -6.312992239516e-17   2.071039472708e-15  -6.120329573663e-15   3.724814710792e-19   1.396524469245e-16  -1.787858546091e-15  -1.456460189369e-15   2.923102443634e-14   2.377242552293e-14  -7.637125440891e-16   5.303769177823e-14  -2.659542681224e-13   9.612633070008e-01  -2.756317373125e-01   5.393736619948e-31   9.736266681563e-12   8.305325219735e-18  -4.271091635128e-15   1.830021440232e-15  -1.487959839470e-15   1.937778125203e-15   7.939536562157e-16   3.354267547615e-15   4.137803000631e-16
  -3.127364024705e-16   1.319225256693e-17  -3.521283471387e-16  -2.028699240982e-17  -2.402513073312e-16  -6.582082510263e-16  -5.228903716190e-16   4.037707843559e-16  -8.926879645883e-16  -5.892779753892e-16   7.927906755635e-17   7.791455996127e-16   6.208180006100e-17   6.853808354745e-17  -3.494970984056e-16   8.517199229291e-16   7.350430666774e-17   6.854185729747e-19   3.112656271558e-16   1.516474610997e-16   4.430624026738e-15   7.282328749567e-17  -2.712486078904e-16   1.800549303020e-15  -3.492054793878e-15  -1.986946100622e-14  -1.796560289602e-14   3.731077365100e-16  -5.002864770439e-14   4.108141847208e-13   2.756317373125e-01   9.612633070008e-01  -2.513161128057e-32  -3.391401646580e-11   6.584805223305e-18  -1.242575731419e-15   5.296619659328e-15  -4.079409220731e-15   2.582108952921e-15  -1.693420106274e-16  -1.311956195735e-16  -1.576295740059e-17
  -1.551992096311e-16   5.551115123126e-17  -1.775246785342e-17   1.457167719821e-16   1.640732543497e-15  -9.746387689015e-16  -1.141329747941e-15   1.165734175856e-15  -8.766173316513e-16  -5.711807459744e-17  -1.439820485061e-16  -2.167384004684e-15  -4.211907053525e-01   2.983132610913e-01   4.110567923659e-02   1.867162328836e-02  -4.719571341231e-15  -7.771561172376e-15  -9.769962616701e-15  -1.572452481237e-15  -9.408815102257e-16   1.155759515870e-16   2.769040734467e-15   9.931764707896e-16   9.992007221626e-16  -2.611074719933e-15   2.768877455799e-15  -1.117161918529e-15   4.857225732735e-16  -3.036936201537e-15   3.601594514931e-15   3.681984187403e-15  -2.755400650529e-17   1.165734175856e-15   1.174816189096e-02  -2.159919742380e-03  -1.430752073068e-01   8.431821168010e-01   2.060598060213e-14  -7.160938508832e-15   1.338165689369e-14  -8.271161533457e-15
  -1.453518639925e-15  -9.992007221626e-16   9.983851169734e-16  -3.053113317719e-16   7.353026268778e-16   2.966545519504e-16  -2.295576638568e-15   1.165734175856e-15   1.342668018046e-15  -6.040267776431e-16   2.498001805407e-16   3.178771655352e-15   2.975578781642e-01   4.226878033444e-01  -2.808971335597e-02   2.088100691794e-02   5.169944140600e-16   5.598386337846e-15   3.917872970494e-15  -5.153579197455e-15  -1.872595449294e-15  -3.191891195797e-16   1.753067299551e-15  -3.450740571953e-16  -2.220446049250e-16   6.920548942401e-16   2.162432314353e-15  -1.457167719821e-15   1.040834085586e-15  -3.762451375734e-15  -2.369215326347e-15  -3.264440822251e-15   4.096240925154e-17  -1.498801083244e-15  -6.126627693378e-02   9.936804481345e-02   8.351898601771e-01   1.428272174272e-01   4.809448680472e-15  -1.243449787580e-14   1.429412144205e-14   1.704192342800e-14
  -1.334386332794e-16   2.886579864025e-15   2.755055782092e-02   2.200020180318e-01   1.292489927770e-01   5.471238092125e-02  -2.158837246296e-16  -1.720845688169e-15   6.954191930370e-16  -9.002718084986e-16   7.216449660064e-16   9.829841451819e-16  -8.852579668706e-15   8.381421659264e-16   4.510281037540e-16   5.953262365518e-15  -2.444121617750e-03  -3.006376165067e-02   4.526123434605e-01  -1.678370365041e-01  -1.531173833137e-15  -1.503137891934e-15   6.487942415364e-16   6.236131264218e-16   1.915134717478e-15   9.859399024018e-16   4.272631629925e-16  -1.040834085586e-16   2.576064361826e-16  -3.489693076293e-16   2.606042401153e-15  -9.358752562859e-16  -9.589421385178e-17  -1.040834085586e-16  -8.548717289614e-15   5.864815863968e-15   1.752590842427e-14   8.852809396731e-15   5.783466286533e-03  -1.022297276326e-02  -6.873386192782e-01  -4.739535727154e-01
   5.386619842674e-16  -6.106226635438e-16  -1.078055879516e-01   3.097737262176e-03  -7.802087235926e-02   2.261410414782e-01  -1.208724392042e-15   0.000000000000e+00  -1.463308000198e-15   1.094053476919e-16   2.775557561563e-17  -4.116471716426e-17   2.249748102438e-15  -6.262716668221e-15   2.498001805407e-16   7.814311260350e-15  -6.842292273667e-03  -1.009851762375e-02  -1.687328789167e-01  -4.531196600470e-01  -1.632515603994e-17  -4.996003610813e-16   5.410961328769e-16   7.341725135022e-16   4.996003610813e-16   5.238902833128e-16  -2.870132968486e-16   1.214306433184e-16  -2.775557561563e-16   8.114656817530e-16  -7.052871017518e-16   3.225864770660e-16  -3.888443916039e-17   2.220446049250e-16  -4.163336342344e-17   3.122600231372e-15   7.944563546744e-15  -1.215433539087e-14   4.810582224504e-03   1.621252370752e-03   4.740028015732e-01  -6.873862802206e-01
   2.973749132001e-16   6.106226635438e-16   2.035880208918e-01  -9.335705006004e-02   6.447071892083e-02   1.205760062764e-01   9.670868392226e-17  -1.110223024625e-15  -7.449178375902e-16  -1.749037611150e-15   4.996003610813e-16   1.422519047400e-15   5.442693187106e-16  -1.823536096754e-15   1.297573160031e-15   1.073613577245e-14  -4.548531123303e-01   1.642372265558e-01   8.472577074341e-03   5.314950956196e-05  -2.051775693939e-15   3.885780586188e-16   1.772478026322e-15   2.101418157277e-15  -1.387778780781e-15  -7.023165441501e-17  -8.136352934894e-16  -4.024558464266e-16   4.440892098501e-16  -1.564389124034e-15   2.276298454306e-15   1.089178278795e-15   6.229105965792e-17   1.110223024625e-15  -2.053912595557e-15  -6.675760137097e-15  -7.251875534316e-15   6.743032195150e-15  -5.528088568324e-01  -6.257576554146e-01   5.653001686020e-03  -1.446500948190e-03
  -1.106570679450e-16  -6.383782391595e-16   1.225948924459e-01   1.083173357507e-01  -2.047184302366e-01  -1.367038323507e-02  -5.246028103827e-16  -4.544975507059e-16  -1.897934720683e-15  -1.722574575830e-15  -9.714451465470e-17  -2.509040705000e-16  -8.974000406912e-15   1.686941753159e-15   6.494804694057e-15   1.295071041672e-15   1.642950494684e-01   4.538252211600e-01   2.316258465134e-02  -2.122045715682e-02  -2.326107628045e-15  -3.330669073875e-16  -9.253195302378e-17   1.036759955531e-15  -7.702172233337e-16  -1.539923787715e-15  -6.147059993418e-16  -3.509345591901e-15   1.319989039947e-15  -1.686156443545e-15   1.437981477682e-15   1.455133818442e-15  -3.070437726613e-17  -8.205242041370e-16   1.887379141863e-15   9.205195303872e-15   7.054162611689e-15   2.164560999516e-14  -6.257396438771e-01   5.527427460890e-01  -7.702883663036e-03  -8.387169082153e-03
  -3.246225489570e-16   3.330669073875e-16  -5.649944683442e-16  -1.998401444325e-15   9.228904119217e-16   3.641066521620e-16   3.974194272293e-16  -1.165734175856e-15   2.894072265320e-16  -3.172233352698e-15   0.000000000000e+00   6.039095872679e-15  -5.160559010552e-03   2.783575346729e-02  -2.007651744246e-02  -5.169392530143e-01  -9.718120130514e-15   6.050715484207e-15   3.656797087359e-15  -1.078704265389e-14  -1.577585661549e-15  -9.992007221626e-16  -9.447985092357e-16   1.352978874367e-15  -2.359223927328e-16  -5.593012616509e-16   4.714022694588e-15   3.712308238590e-16   1.887379141863e-15  -2.634711347169e-16   4.128672073017e-15   7.339600225771e-16  -4.242755059834e-19  -5.551115123126e-17   2.765299986690e-02   8.492793734586e-01  -9.652114479608e-02  -1.458792731698e-02   2.408169250054e-15  -1.015854067532e-14   1.261143967035e-15   4.163336342344e-15
   1.674119503623e-16   3.608224830032e-16   3.189183509455e-16  -1.443289932013e-15  -6.992907280171e-17  -1.593258405111e-16   2.839980394588e-16  -1.360023205166e-15   1.526750523829e-16  -1.484899191994e-15   8.049116928532e-16   2.849149460482e-16   4.961638739138e-02   3.292261941407e-04   5.153144117774e-01  -2.049100111953e-02  -8.843102190932e-16  -5.249273238306e-15  -2.220446049250e-16   1.205206325511e-16  -1.631067253360e-16  -1.332267629550e-15   8.833586025404e-17   8.154159867123e-17  -2.053912595557e-15   2.126237173666e-16  -2.386219307734e-16   6.869504964868e-16  -9.159339953158e-16   1.202662697379e-16  -3.766742460671e-16  -7.448589868798e-17  -6.386538204425e-16   1.054711873394e-15   8.525919406147e-01  -2.037532415563e-02   6.511783717787e-02  -8.819555606724e-04   3.255111699344e-16  -3.289035710452e-15  -7.168744764474e-15  -4.329869796038e-15
  -2.137353939523e-16  -2.081668171172e-17  -4.298171368882e-17  -1.942890293094e-16   9.714451469680e-17  -9.462317849743e-18   6.729861533507e-16  -3.608224830032e-16   1.546439557137e-17   4.211476666032e-17  -4.163336342344e-17  -3.278842221721e-16   6.581234946449e-16  -5.551115123126e-17  -2.220446049250e-16  -4.484260185400e-16   2.545706700996e-16  -4.787836793696e-16   1.151856388049e-15   3.050673862831e-16   3.954142385790e-15  -4.662936703426e-15   1.095388095906e-16  -9.581436583469e-18   1.332267629550e-15   8.939459156381e-15   1.609842810145e-17  -3.330669073875e-15  -1.548622341474e-13   4.168817692407e-14   1.123629052089e-14  -3.528403196473e-11   9.743904476869e-16  -1.000000000000e+00   2.386979502944e-15  -6.760871361661e-16  -2.274472438274e-15   1.249000902703e-15  -3.781872025920e-16  -2.428612866368e-15   9.124645483638e-16  -4.163336342344e-17
   5.286998297462e-31  -1.162913744664e-17   3.394557837522e-36   9.624221101545e-17   2.354823278421e-41   7.101841163414e-31   0.000000000000e+00  -2.959451208111e-16   0.000000000000e+00   2.706297336840e-29   6.094224188215e-17  -1.991425271706e-28   5.804239215647e-29   0.000000000000e+00   5.515007525563e-16   0.000000000000e+00   0.000000000000e+00  -4.987598201993e-17   7.523426662126e-17   0.000000000000e+00   1.801647115879e-29  -1.429624055558e-15   0.000000000000e+00   0.000000000000e+00  -9.904944096382e-16   0.000000000000e+00   0.000000000000e+00   1.605739724731e-16  -3.708418851992e-16  -6.744255453259e-26   0.000000000000e+00   3.435478340233e-26   1.000000000000e+00   9.743904493745e-16   4.157411396436e-16   1.578077387925e-31   1.451697443504e-31   0.000000000000e+00   5.772442180192e-31   7.324850991804e-17  -4.919495182755e-18  -7.708943162301e-17
