ARMA_MAT_TXT_FN008
20 20
  -8.138846433937e-01  -1.074780977768e-02   1.204865454566e-30  -1.357220192710e-29  -6.703134589068e-31   5.067188595704e-31   2.084366447532e-16   1.361334708448e-16   1.605336083879e-16  -1.600116002942e-15   2.338902869417e-16   0.000000000000e+00   0.000000000000e+00  -9.416147571522e-16   5.809183255479e-01   3.189181017936e-03   5.060599834530e-46   0.000000000000e+00  -9.001099386345e-46   2.308520626041e-31
   1.074780977768e-02  -8.138846433937e-01   1.209670797431e-15  -1.362633169193e-14  -6.729868578207e-16   5.087397971346e-16   8.881784197001e-16   1.665334536938e-15  -1.589006703995e-15   1.831867990632e-15  -4.496403249732e-15   0.000000000000e+00   0.000000000000e+00   4.440892098501e-15  -3.189181017936e-03   5.809183255479e-01   1.432565773860e-30   2.727854665706e-60  -2.548051086752e-30   4.816661776924e-16
   1.016547267101e-16  -7.664098175360e-15   6.043056419943e-01   5.107031155416e-01   1.644330810720e-01  -1.508536754264e-01   1.506267562678e-18   2.710157483007e-16  -2.894936544511e-16  -3.136672349777e-16  -1.554312234475e-15   0.000000000000e+00   0.000000000000e+00  -5.377642775528e-16   5.644507959193e-19  -1.361626096856e-16   1.588835782376e-01   8.483757831323e-30  -2.826002697974e-01   4.680758970150e-01
   1.443622287162e-16  -1.090977042242e-14  -5.068174028600e-01   6.404672221548e-01  -6.478882298128e-02   6.736702925517e-02  -1.331206993373e-17  -3.353633182243e-16   4.307721461104e-16   4.234278540627e-16   1.183081410616e-15   0.000000000000e+00   0.000000000000e+00   6.661338147751e-16  -5.014138929335e-18   8.914673707543e-16   2.293927398262e-01   1.455835067721e-29  -4.080122746701e-01  -3.242019492895e-01
   1.479114197289e-31  -1.183291357832e-29   2.278200481835e-01   6.668688904610e-02  -4.556004925010e-01   6.417765393175e-01   3.081487911020e-33   3.944304526105e-31  -3.944304526105e-31  -4.930380657631e-31  -9.860761315263e-31   0.000000000000e+00   0.000000000000e+00  -8.874685183736e-31   7.703719777549e-34  -1.972152263053e-31  -4.963234114678e-01   3.558899132323e-15  -2.790430442038e-01   6.661338147751e-16
   1.136045584755e-48  -9.088364678319e-47   4.297542982031e-02   1.830231300186e-02  -6.610525033681e-01  -4.864419557068e-01   2.366761636037e-50   3.029454894415e-48  -3.029454894408e-48  -3.786818618020e-48  -7.006492321624e-46   0.000000000000e+00   0.000000000000e+00  -1.751623080406e-46   5.916904090618e-51  -1.514727447201e-48   2.997602166488e-15   5.693873455650e-01   1.554312234475e-15   1.040834085586e-17
   3.998537612127e-16   2.775557561563e-16  -4.930380657631e-31   4.733165431326e-30   2.465190328816e-31  -1.972152263053e-31   5.167446981730e-01   7.348059347360e-01   2.538078785022e-01   3.586317275383e-01  -9.714451465470e-16   0.000000000000e+00   0.000000000000e+00   3.941291737419e-15   1.172673069760e-15  -3.219646771413e-15  -6.130680781421e-46   0.000000000000e+00   1.050973848244e-45  -2.958228394579e-31
  -5.759281940243e-16   5.551115123126e-16  -9.860761315263e-31   9.466330862652e-30   4.930380657631e-31  -3.944304526105e-31  -7.971524646516e-01   4.049096216205e-01  -1.470575854483e-01   4.230487123030e-01  -7.910339050454e-16   0.000000000000e+00   0.000000000000e+00   3.164135620182e-15   4.896257010945e-16  -1.054711873394e-15   7.006492321624e-46   0.000000000000e+00  -1.401298464325e-45   1.972152263053e-31
   5.808764331612e-01   7.670803790968e-03  -8.381647117973e-31   8.677469957431e-30   4.437342591868e-31  -3.451266460342e-31  -5.551115123126e-16  -1.107404098977e-15   0.000000000000e+00   1.804112415016e-16   2.775557561563e-16   0.000000000000e+00   0.000000000000e+00  -1.110223024625e-15   8.139433401633e-01   4.468464043850e-03   1.401298464325e-45   2.210859150104e-75  -2.802596928650e-45   3.944304526105e-31
  -7.670803790968e-03   5.808764331612e-01  -7.840950111415e-16   8.881784197001e-15   4.371503159462e-16  -3.295974604356e-16   1.825796458466e-15   1.748601263785e-15  -2.151057110211e-15   2.109423746788e-15  -5.551115123126e-15   0.000000000000e+00   0.000000000000e+00   7.216449660064e-15  -4.468464043850e-03   8.139433401633e-01   3.549874073495e-30   8.712221389006e-60  -6.310887241768e-30   1.054711873394e-15
  -3.358266312001e-16  -4.298946160726e-17   2.081668171172e-17  -2.220446049250e-16  -1.387778780781e-17   1.040834085586e-17  -2.201898679214e-01  -2.350291138567e-01   9.369378288706e-01   1.357396129938e-01   3.830269434957e-15   0.000000000000e+00   0.000000000000e+00   4.163336342344e-16  -3.348598109048e-16   3.428145699934e-15   4.338734978716e-30   1.991364888916e-59  -7.888609052210e-30   1.110223024625e-15
   1.102783371008e-15   7.637514059707e-17  -2.081668171172e-17   2.220446049250e-16   6.938893903907e-18  -5.204170427930e-18  -2.214481588878e-01   4.907848329315e-01   1.900082424622e-01  -8.209676171969e-01   1.665334536938e-15   0.000000000000e+00   0.000000000000e+00  -4.884981308351e-15  -3.434508320525e-16   2.383957836844e-15  -4.733165431326e-30  -3.982729777831e-59   7.888609052210e-30  -9.992007221626e-16
   3.939340912856e-17  -3.253802298476e-16   1.554312234475e-15   4.440892098501e-16   3.608224830032e-16  -3.330669073875e-16   1.038853956180e-15   1.028119001964e-15  -3.718942564626e-15   1.210847101305e-15   9.993618193169e-01   0.000000000000e+00   0.000000000000e+00   3.572049959970e-02  -3.400564044109e-16   6.915540267447e-15  -6.383782391595e-16  -2.382207389352e-44   1.165734175856e-15   6.661338147751e-16
  -1.549757745555e-16  -6.635715090865e-16   2.220446049250e-16  -1.110223024625e-16   4.163336342344e-17  -2.775557561563e-17  -4.106084850587e-16  -1.646727398637e-15   5.107994217042e-17  -6.615025999046e-15  -3.572049959970e-02   0.000000000000e+00   0.000000000000e+00   9.993618193169e-01   1.480192078930e-15  -8.763777261676e-15  -1.665334536938e-16  -5.605193857299e-45   3.330669073875e-16   1.054711873394e-15
  -6.800408716217e-17   5.152868482907e-15  -4.185583328486e-01  -3.537267067642e-01  -1.138907723111e-01   1.044853109135e-01   1.444350568190e-17   5.389373136680e-16  -6.482258559472e-16  -6.590395949468e-16   1.217775880136e-15   0.000000000000e+00   0.000000000000e+00  -4.440892098501e-16   5.438127219599e-18  -9.937461743202e-16   2.293927398262e-01   1.419949629398e-29  -4.080122746701e-01   6.757980507105e-01
  -1.016547267101e-16   7.664098175361e-15   3.510353577036e-01  -4.436048153789e-01   4.487448047775e-02  -4.666021545149e-02  -1.506267562680e-18  -2.710157483007e-16   2.894936544511e-16   3.136672349777e-16   8.638922910365e-16   0.000000000000e+00   0.000000000000e+00   6.661338147751e-16  -5.644507959190e-19   1.361626096856e-16   3.311923716010e-01   2.445468806185e-29  -5.890794669120e-01  -4.680758970150e-01
   1.136045585405e-48  -9.088364683244e-47  -1.577942897281e-01  -4.618913205887e-02   3.155611487540e-01  -4.445116836434e-01   2.366761636261e-50   3.029454894415e-48  -3.029454894415e-48  -3.786818618018e-48  -4.240127365563e-30   0.000000000000e+00   0.000000000000e+00  -1.084683744679e-30   5.916904090653e-51  -1.514727447207e-48  -7.165812128564e-01   5.551115123126e-15  -4.028764278183e-01   4.622231866529e-33
   4.355841049903e-58  -3.298487983052e-56  -2.976593797747e-02  -1.267667399572e-02   4.578627345295e-01   3.369227752637e-01   4.682439589335e-60   0.000000000000e+00  -1.475370925704e-59   3.694547114835e-60   5.953072557059e-45   0.000000000000e+00   0.000000000000e+00   1.478700113799e-45  -3.215863664225e-61   5.857786448954e-59   4.929969618855e-15   8.220693709843e-01   2.843371807778e-15  -3.469446951954e-18
   0.000000000000e+00   0.000000000000e+00   0.000000000000e+00   0.000000000000e+00   0.000000000000e+00   0.000000000000e+00   0.000000000000e+00   0.000000000000e+00   0.000000000000e+00   0.000000000000e+00   0.000000000000e+00   1.000000000000e+00   0.000000000000e+00   0.000000000000e+00   0.000000000000e+00   0.000000000000e+00   0.000000000000e+00   0.000000000000e+00   0.000000000000e+00   0.000000000000e+00
   0.000000000000e+00   0.000000000000e+00   0.000000000000e+00   0.000000000000e+00   0.000000000000e+00   0.000000000000e+00   0.000000000000e+00   0.000000000000e+00   0.000000000000e+00   0.000000000000e+00   0.000000000000e+00   0.000000000000e+00   1.000000000000e+00   0.000000000000e+00   0.000000000000e+00   0.000000000000e+00   0.000000000000e+00   0.000000000000e+00   0.000000000000e+00   0.000000000000e+00
