ARMA_MAT_TXT_FN008
30 30
   5.816515436726e-01  -5.000201342508e-01   1.227036145325e-07  -1.585816123146e-06   8.438062216685e-05  -3.820206173857e-04  -3.707131764580e-06   1.246525260704e-06   3.905418642898e-01   2.436200733276e-04   1.232417857608e-04  -5.037828145722e-01  -6.155220264583e-06  -4.219023656008e-06   1.578870397266e-07   3.149613056959e-07   1.234008081312e-05  -1.074030145050e-05   3.139570767008e-07   3.015817195347e-09   1.312628288371e-09  -1.653924913092e-07  -6.654711053581e-08   4.967911282861e-08  -2.894375086572e-04   1.605456041441e-03  -4.763418873679e-02   2.448332922252e-04  -6.592181843529e-04  -5.539743147052e-02
  -5.900690911268e-01  -4.950642939501e-01   1.150787489235e-07  -1.374991852919e-06   8.572517046822e-05  -3.941331892039e-04   3.733596184418e-06  -1.261562146876e-06  -3.954527378373e-01  -2.443372326199e-04  -1.251578829120e-04  -4.950415500646e-01   4.126729939289e-06  -1.253077568580e-05   9.749228400459e-08   1.438557398713e-07   7.977833659214e-06  -1.160458837252e-05  -3.091282284659e-07   3.011672946344e-10   1.474706171358e-09  -1.617796243466e-07  -2.215271851357e-07  -1.230148982220e-07  -2.827044948424e-04   1.574689205559e-03   4.817233611920e-02  -2.501221731262e-04   6.796970928452e-04  -5.437749414846e-02
   3.461024603609e-07  -1.293012265923e-06  -4.574556583250e-01   4.002173767818e-01   4.824272619097e-06   1.654632021217e-06  -4.181296593772e-01  -4.038376494964e-01  -2.957834659221e-06  -6.965790817893e-06  -1.080555443230e-05  -5.130961314560e-08   1.362571743637e-04   1.629811598833e-05  -3.174809939402e-01  -1.538235618243e-01  -9.924334159812e-04  -3.350238077923e-05   5.244843892818e-04  -5.133241886825e-04  -4.958107134344e-04   4.560530805779e-04  -3.921409216684e-01   1.200447539675e-01  -3.826118070745e-06   6.374029072120e-07  -1.706240708436e-07  -1.113197373909e-05   9.045137073233e-06  -1.174579613575e-07
   6.216244884926e-08   1.514924914271e-06   4.608964052371e-01  -4.063561621944e-01   4.287964224959e-06   7.287581775221e-07  -4.124338454571e-01  -4.018616354085e-01  -2.813094241461e-06  -6.115461589022e-06  -1.031026732124e-05   2.223683974559e-08   1.252294603249e-04   6.888999577416e-06   3.215108167423e-01   1.586315023431e-01   1.003535221314e-03   1.640077588471e-05   5.106149700252e-04  -5.074965250939e-04   5.065033522046e-04  -4.643813763081e-04  -3.834676692453e-01   1.235803183459e-01   2.889809388519e-05  -1.150914548022e-05  -9.241999700016e-08  -1.224093945274e-05   9.459188601864e-06   1.350996704147e-07
   3.835512286792e-07  -1.227752100440e-06   4.025822237546e-01   4.553830872409e-01  -1.105346808101e-06  -2.170228742004e-06  -4.052933272052e-01   4.167131414307e-01  -5.461372236302e-06  -9.252521022516e-06   5.615473156564e-06  -2.934996454987e-08   3.402335706731e-06  -8.567105934897e-05   1.569087302982e-01  -3.159779090231e-01  -3.272532800713e-05   1.654137310753e-03   5.117277493451e-04   5.276453311246e-04   4.616929193879e-04   4.925983113354e-04  -1.245595098692e-01  -3.907173811284e-01   8.036054477127e-06   1.948341548748e-05  -1.598500497890e-07   1.121014250917e-05   1.412555042628e-05  -1.153918007753e-07
   1.138493855776e-07   1.445682112779e-06  -4.040225725743e-01  -4.629452837855e-01  -1.044455358318e-06  -2.700426789428e-06  -4.003960561013e-01   4.138570459978e-01  -5.336234854029e-06  -1.193808004506e-05   7.873279709952e-06  -8.335452442826e-10   1.053362333748e-05  -7.104260925476e-05  -1.556050825248e-01   3.229953782353e-01   5.064430644397e-05  -1.676991980781e-03   5.012780948933e-04   5.182051351582e-04  -4.662869747539e-04  -5.066841530545e-04  -1.189841015286e-01  -3.849061985929e-01  -5.006269505103e-06  -1.415767278470e-05  -1.019193914905e-07   7.787445942337e-06   9.150460023061e-06   1.453044363493e-07
  -2.759928760700e-04   9.691101321218e-04  -3.053485038535e-06  -2.792067168104e-06   4.005740918405e-01  -4.252725510966e-01  -8.867576354307e-06   1.244894901666e-05  -2.318647040856e-04   4.977763375647e-01  -3.121464899511e-01   4.945359408292e-04   2.446197843348e-05  -2.741367953648e-04  -4.003483538303e-06   7.973910912428e-06   1.572400227682e-05  -6.332730454904e-04   7.304486065706e-05   7.413892114786e-05  -7.906473957208e-05  -8.537224760721e-05  -2.383900015839e-06  -6.245498861804e-06   1.386227380172e-01   3.662629065528e-01  -5.367099111574e-04  -2.506337354845e-01  -3.119018129650e-01   2.163028519995e-04
  -2.678857074074e-04  -9.858561945916e-04   3.675451095670e-06   4.280659944287e-06  -4.038709167552e-01   4.287726410939e-01  -1.404560682823e-05   1.140684905320e-05  -2.473928842513e-04   4.937353483316e-01  -3.096124658871e-01  -4.992106700876e-04   2.412403171756e-05  -2.703111531350e-04   3.192038196378e-06  -6.355089181389e-06  -1.594582903392e-05   6.432317839033e-04   7.131273626679e-05   7.151068179517e-05   8.269167639852e-05   8.826957576578e-05  -2.860357564496e-06  -1.097603992953e-05  -1.408611897677e-01  -3.721772177951e-01  -5.292599543131e-04  -2.466475124525e-01  -3.069411586599e-01  -2.406084238246e-04
  -3.437254983360e-01   4.357445492724e-01  -1.439217918888e-07   1.517819236555e-06  -1.867799816552e-04   8.632977891802e-04  -4.666559897383e-06   1.521324603477e-06   4.614262562607e-01  -1.085209536204e-04  -5.746091493912e-05  -3.887678842650e-01  -6.332315819054e-06  -2.880333738490e-06   1.041986034678e-07   2.640090347368e-07   1.076069018354e-05  -6.928949369751e-06   5.033160808170e-07   4.452175148908e-09  -9.040765284003e-09   1.489732334339e-07   9.094882206888e-08   6.876483634709e-08  -1.572571565143e-04   8.703651047530e-04  -4.009858112533e-01  -2.711644050212e-04   7.425371258419e-04  -4.088190165584e-01
   3.475649563063e-01   4.282354567233e-01  -9.850249774321e-08   1.171238598346e-06  -1.827733671705e-04   8.235346521306e-04   5.036102210650e-06  -1.542563533244e-06  -4.705622705853e-01   1.201327407346e-04   5.897505597358e-05  -3.828004926677e-01   4.605791988335e-06  -1.153719435804e-05   6.618687544713e-08   1.334786719928e-07   3.425973600378e-06  -8.633062843084e-06  -5.008627852549e-07  -3.211423857515e-10  -9.415375767381e-09   1.513247243460e-07  -1.981446273126e-07  -8.955162120360e-08  -1.529546432941e-04   8.538371876776e-04   4.073329316594e-01   2.696824004146e-04  -7.210196618171e-04  -4.023999689700e-01
  -4.592877534073e-04   5.793972064179e-04   3.827305897959e-06  -2.705815335480e-06  -4.252767405347e-01  -4.005770941804e-01  -1.458445201809e-05  -1.766836153376e-05  -3.949490890843e-04   3.121433784221e-01   4.977724975701e-01   2.965263900256e-04   2.745957898830e-04   2.424471713179e-05   7.671125657572e-06   3.632237680811e-06   6.343641937856e-04   1.602546194727e-05   4.448453223208e-05  -4.463301040771e-05   1.428585725285e-04  -1.334769335179e-04  -1.818283067641e-05   5.485754255253e-06  -3.662642190398e-01   1.386223324525e-01  -8.956780723061e-04   3.119013584971e-01  -2.506322423434e-01   1.239818394648e-04
  -4.484246177806e-04  -5.919918971409e-04  -3.188665112085e-06   2.968477673613e-06   4.287699066115e-01   4.038673619670e-01  -8.819777845585e-06  -5.318269075181e-06  -4.048951747854e-04   3.096143746466e-01   4.937395180642e-01  -2.988195418082e-04   2.706627718105e-04   2.387855769366e-05  -8.112388845852e-06  -3.941755689499e-06  -6.442935926743e-04  -1.629508299604e-05   4.287575832426e-05  -4.193473436241e-05  -1.470586964062e-04   1.366314337405e-04   1.518280328533e-06  -8.746358640895e-08   3.721774764580e-01  -1.408603430220e-01  -8.832359634700e-04   3.069417209977e-01  -2.466468680387e-01  -1.497615160169e-04
  -1.098971441366e-06  -3.255499588945e-06   1.094355277695e-04  -9.536054172117e-05  -2.430123495506e-05  -2.309217867137e-05   2.921897604848e-04   2.825365028113e-04  -3.941598951389e-06   2.536575095342e-05   4.005411670423e-05  -5.778350937063e-06  -7.014677339726e-01  -6.228587669565e-02   1.554508968255e-03   7.742304046075e-04  -7.097483771183e-01  -1.776162770320e-02  -2.813456612922e-05   2.873828764400e-05   1.036828792543e-04  -9.670262729461e-05  -7.669275354218e-04   2.343028107247e-04  -1.029026280520e-03   3.889810250851e-04  -1.886751074070e-06   3.241299983617e-04  -2.603565413742e-04  -6.241578727613e-06
   2.151369183412e-06  -3.372073509977e-06   1.046640530440e-04  -9.270175215808e-05  -2.357825769193e-05  -2.230766453330e-05  -2.970842331358e-04  -2.890667345451e-04   9.101515111655e-06  -2.579036284447e-05  -4.066009753058e-05  -1.049884825564e-05   7.071904888318e-01   6.279399634715e-02   1.571244494665e-03   7.544889968042e-04  -7.040048561630e-01  -1.761781952479e-02   2.784190495599e-05  -2.701066873137e-05   1.031461870775e-04  -9.583909180195e-05   7.837741416889e-04  -2.525974015207e-04  -1.021993677784e-03   3.864601426168e-04  -5.844251926582e-06  -3.263001037486e-04   2.619846346919e-04  -7.154841967981e-06
  -1.424449410516e-07   7.152024144352e-07   2.662928408716e-01  -2.334193701042e-01  -1.020478256160e-06   1.007788627618e-06   2.946995323254e-01   2.835750500679e-01   2.226251048195e-06   6.221092656389e-06   9.596943928270e-06  -9.344402674271e-08   9.135604602993e-04   8.901715266825e-05  -5.452834592105e-01  -2.636873237225e-01  -1.425722914426e-03  -5.186324059085e-05   7.672137851209e-04  -7.534441737059e-04  -7.708040591560e-04   7.134922755316e-04  -5.578257715915e-01   1.711756770218e-01  -3.725725007115e-06   4.471108707284e-07  -1.180681423152e-07  -1.101895892489e-05   8.907243279879e-06  -9.887067997553e-08
  -5.172356705833e-08  -7.694872970626e-07  -2.681637476876e-01   2.359997581404e-01  -8.370918576313e-06  -5.612982846071e-06   2.888261144483e-01   2.825073858829e-01   1.953179923649e-06   6.357006648011e-06   1.073583163988e-05   3.677886222187e-07   8.810493476594e-04   7.027063922048e-05   5.526937534072e-01   2.731950868405e-01   1.437563405873e-03   1.974076368802e-05   7.500958111767e-04  -7.429580496337e-04   7.932886364016e-04  -7.219794856206e-04  -5.461001363783e-01   1.755703748868e-01   3.300381755952e-05  -1.318050595609e-05  -6.195283516400e-08  -1.168119349240e-05   9.038424037216e-06   8.538253544190e-08
  -1.391208293731e-07   6.954190646855e-07  -2.341268328331e-01  -2.656750374685e-01  -3.390872876474e-06   5.885709454929e-06   2.854648069663e-01  -2.928622728642e-01   4.034944766072e-06   1.257667597839e-05  -7.652522337336e-06  -2.961298563471e-08   4.149659016286e-05  -5.564429707634e-04   2.700812345102e-01  -5.421633841071e-01  -4.321239433644e-05   2.373680321524e-03   7.486945184019e-04   7.742406686790e-04   7.172407922015e-04   7.702565520956e-04  -1.770002490742e-01  -5.559861696481e-01   9.124151631002e-06   2.208946949048e-05  -9.207207416367e-08   1.019455639343e-05   1.281343568705e-05  -1.007760986263e-07
  -5.113775345010e-08  -7.577634935601e-07   2.352934626784e-01   2.687839794926e-01   4.285260113968e-06  -1.941278357902e-06   2.805842115859e-01  -2.906907497457e-01   3.792129754166e-06   7.716116849389e-06  -5.260274563694e-06   2.923389545140e-07   5.402825765490e-05  -5.189576600148e-04  -2.669151165846e-01   5.557703293180e-01   7.636186663486e-05  -2.404912980930e-03   7.363561101943e-04   7.587422412736e-04  -7.300988508440e-04  -7.885192557806e-04  -1.696383214883e-01  -5.479541162551e-01  -5.591188055118e-06  -1.586383716886e-05  -5.204253245205e-08   8.222607201863e-06   9.718626401939e-06   9.943354990619e-08
  -1.674396020740e-06  -3.700808850182e-06  -1.594837754207e-04  -1.807212263413e-04   2.286767391118e-05  -2.451509449140e-05   1.694590775346e-04  -1.737601676498e-04  -6.733731630360e-06   3.997261919349e-05  -2.479881708154e-05  -2.008040750961e-05  -6.228666540887e-02   7.014769882598e-01  -1.262936803001e-03   2.611378711014e-03  -1.776125052969e-02   7.097357108395e-01  -2.816078805715e-05  -2.909570173228e-05  -9.514952083481e-05  -1.022637164651e-04  -1.497136696354e-04  -4.557835053304e-04   3.891796596064e-04   1.026796828536e-03   3.139308007217e-06  -2.603651046356e-04  -3.239149727455e-04  -9.045350622633e-06
   1.444896889229e-06  -2.882757869871e-06  -1.543518949116e-04  -1.766224716809e-04   2.221602423498e-05  -2.370643931993e-05  -1.730762320920e-04   1.793303375842e-04   5.670354309179e-06  -4.064189125744e-05   2.514507571083e-05   1.998682822393e-06   6.279328117860e-02  -7.071820543731e-01  -1.288065744540e-03   2.605656665451e-03  -1.761800741459e-02   7.040099093285e-01   2.840393061279e-05   2.821108376561e-05  -9.495854700229e-05  -1.014632587429e-04   1.422218320975e-04   4.735465778650e-04   3.864507364940e-04   1.019975514598e-03  -1.359670402236e-06   2.621877004684e-04   3.259853284877e-04  -4.448845465697e-06
  -8.484585517417e-08   4.257829412252e-08  -3.617170536208e-05  -4.082407274311e-05  -4.108848949088e-05   4.354825012558e-05   1.009334882478e-05  -1.460375395885e-05   1.467311931922e-07  -9.837559581871e-05   6.174468893301e-05   5.380326315248e-07   3.312835006607e-06  -4.126414816626e-05  -5.569638432039e-04   1.137076956999e-03  -4.141611596403e-06   1.336714560238e-04  -4.943885780811e-01  -5.021701909898e-01   4.823654959193e-01   5.203124452273e-01  -3.764870985578e-04  -1.233223751488e-03   1.071794834651e-04   2.834555190332e-04  -7.058432057011e-07  -2.198999119798e-04  -2.737533438864e-04   3.647134841865e-07
   8.592070773475e-08   4.174675655022e-08  -3.597733227542e-05  -4.064050031839e-05  -3.960145297236e-05   4.211874747900e-05  -1.471252676587e-05   1.091272462865e-05  -1.488182095761e-07   1.003845917971e-04  -6.288854244096e-05   5.401396307834e-07  -3.818756203570e-06   4.114151645562e-05  -5.693239679243e-04   1.123475989573e-03  -2.486878908823e-06   1.335650793324e-04   5.010810811868e-01   5.023185439942e-01   4.816275035184e-01   5.144173979567e-01   4.034955267419e-04   1.229512783886e-03   1.053255422166e-04   2.780224207280e-04   7.190470666145e-07   2.254898429756e-04   2.805108422638e-04   3.834760226214e-07
  -1.185966745816e-04  -1.275322170445e-04  -6.145019575615e-07  -9.980810107539e-07  -2.695920259951e-01   2.862144916851e-01   2.878485310881e-06  -5.314317434331e-06  -3.369161982681e-04  -3.376805689210e-01   2.117526385167e-01   1.438114502813e-03   2.802069902938e-05  -3.189853177891e-04  -7.409452150449e-06   1.449308834218e-05   2.173647629460e-05  -8.824966157910e-04   2.561160200419e-04   2.596610525634e-04  -1.878321196524e-04  -2.029719334801e-04  -4.652219620615e-06  -1.275234831448e-05   2.059833752057e-01   5.442392268915e-01  -7.958270871338e-04  -3.694660467570e-01  -4.597819039386e-01   2.733656794345e-04
  -1.164439912334e-04   1.261057564941e-04   2.789057910566e-06   3.135712340782e-06   2.717863027764e-01  -2.885440773492e-01   5.831304193890e-06  -3.740645118594e-06  -3.134817671593e-04  -3.349209877472e-01   2.100221772650e-01  -1.467583529243e-03   2.784492345682e-05  -3.154264692979e-04   1.100152269790e-05  -2.238460072719e-05  -2.197231044103e-05   8.962014657935e-04   2.508745080550e-04   2.518674462269e-04   1.962283405925e-04   2.093185976277e-04  -5.687490790073e-06  -2.103062561000e-05  -2.093079098837e-01  -5.530230923880e-01  -7.846426172934e-04  -3.635999186032e-01  -4.524818113463e-01  -3.079396745670e-04
   1.920025508848e-01  -2.588463492800e-01   9.911229600721e-08  -1.056374032742e-06   1.316893260476e-04  -6.092559406478e-04   3.666559207058e-06  -1.171849735591e-06  -3.549548927860e-01   6.054386097094e-05   3.258649992820e-05   3.215612266630e-01   7.453074717913e-07   2.742222823042e-06   2.290333611225e-10   6.783144630153e-08   4.873040660073e-06  -1.722420178512e-06   2.377665044387e-08   8.474855651761e-10  -9.476378150099e-09   2.963607815991e-07   2.194378069677e-07   6.457380110608e-08   4.278648035904e-05  -2.406733049465e-04  -5.736265461068e-01  -6.166678512851e-04   1.679422489283e-03  -5.811092163332e-01
  -1.941280203786e-01  -2.542208056641e-01   6.340192739883e-08  -7.710318006739e-07   1.287454470860e-04  -5.796670289142e-04  -3.970132661241e-06   1.190895729379e-06   3.616032791807e-01  -6.964030615965e-05  -3.369740851118e-05   3.163100100693e-01   4.082427014842e-09   3.315079245701e-06   3.940289040500e-09   5.244172653934e-08   8.479686263006e-07  -2.759916247552e-06  -2.570344273704e-08   2.237681046220e-10  -1.005824906702e-08   2.937816258968e-07  -1.324795145438e-07  -4.438473941721e-08   4.314057236786e-05  -2.371136357559e-04   5.827918837364e-01   6.187123044487e-04  -1.663097479660e-03  -5.720377562226e-01
  -1.977533466914e-04  -7.714885525623e-05   2.338190550754e-06  -2.331211219125e-06   2.862172924561e-01   2.695941154102e-01   4.515018114419e-06   6.840722897841e-06  -5.549074951170e-04  -2.117517162428e-01  -3.376776144361e-01   8.610697651263e-04   3.189348860352e-04   2.865940727237e-05   1.976039794786e-05   9.281987929252e-06   8.841507857910e-04   2.251670231956e-05   1.556433477173e-04  -1.557866328738e-04   3.392515806747e-04  -3.170766037075e-04  -3.413333027371e-05   1.040238040852e-05  -5.442416504019e-01   2.059822006052e-01  -1.328092187878e-03   4.597819127876e-01  -3.694626263915e-01   1.556102377520e-04
  -1.945059985516e-04   7.483758756907e-05  -2.049140409359e-06   1.759858253380e-06  -2.885422237158e-01  -2.717840525161e-01   4.292472287586e-06   1.790882884398e-06  -5.306566691435e-04  -2.100246852340e-01  -3.349235626021e-01  -8.800565315228e-04   3.152511654797e-04   2.814608051636e-05  -1.805290665295e-05  -8.965670674841e-06  -8.977839979174e-04  -2.299726578682e-05   1.509917454757e-04  -1.480602560121e-04  -3.489563707320e-04   3.241152004987e-04   9.025018479528e-07   3.465200934155e-07   5.530237788871e-01  -2.093059851775e-01  -1.309390817672e-03   4.524832092701e-01  -3.635976798500e-01  -1.926036859304e-04
  -8.476832408406e-08   4.356912040860e-08   4.079532624894e-05  -3.585797002487e-05   7.240704180073e-05   6.814632144809e-05   1.032593849328e-05   1.443770792595e-05   1.468708826228e-07  -3.675461744553e-05  -5.872058916343e-05   5.487166801885e-07   4.084316426750e-05   4.005492162816e-06   1.129554495501e-03   5.658873236696e-04  -1.369863415936e-04  -2.748813290474e-06  -4.993085018643e-01   4.972932608198e-01  -5.175430010649e-01   4.853205978177e-01  -1.221236572233e-03   4.081651109616e-04  -4.726647754432e-04   1.789808259792e-04  -7.055702571772e-07   1.636512719572e-04  -1.315897483037e-04   3.728755783355e-07
   8.608073985339e-08   4.223304610577e-08   4.056370591634e-05  -3.574894648909e-05   7.056008810788e-05   6.652117992407e-05  -1.490680660797e-05  -1.054124581957e-05  -1.483066460339e-07   3.792115931683e-05   6.035817930758e-05   5.460469047717e-07  -4.104005401216e-05  -3.446724377539e-06   1.132478699185e-03   5.449262339620e-04  -1.377366973698e-04  -4.373565402532e-06   5.051585968409e-01  -4.981937725112e-01  -5.172079940751e-01   4.786544343276e-01   1.230824832154e-03  -3.928057162243e-04  -4.644445829716e-04   1.756963574741e-04   7.190697031089e-07  -1.685813317481e-04   1.353755910917e-04   3.810827297791e-07
