ARMA_MAT_TXT_FN008
30 30
   6.591132931728e-01  -4.609917449235e-01  -6.093216209369e-16  -6.448834521944e-16   6.292709409106e-16  -1.295336412313e-15  -6.381770620721e-16   8.128914208427e-15  -1.237666852682e-15  -8.611879607457e-15   4.815919892887e-01  -3.274584145542e-01  -6.058521739849e-16  -2.695670039820e-15  -4.351418469545e-16   2.330952014535e-15   1.536182869563e-16  -9.089191502137e-16  -4.076600168545e-17   7.026631360481e-16   2.366444099572e-15   7.343177709570e-18  -5.022024462953e-16  -5.325601071249e-16  -6.005670553493e-16   1.118462229377e-15   7.532426830707e-16  -1.679099134795e-17   1.113805203737e-01  -3.861088120180e-02
   4.609917449235e-01   6.591132931728e-01  -3.872770160118e-16   4.302114220422e-16   2.099882767670e-15  -1.420629159542e-15  -2.363432470069e-15  -4.752979693851e-15  -4.769924987367e-15  -6.319787918776e-15   3.274584145542e-01   4.815919892887e-01  -1.229918944468e-15  -1.135031200325e-16  -5.452007323184e-16  -9.630740974551e-16   2.393148000226e-16  -4.833026517535e-16   1.366962099070e-15   8.088452141279e-16   1.566325392845e-15  -4.713810812585e-18  -1.838806884535e-16   1.656660919558e-16  -6.166178141102e-16   1.702480993721e-16   4.135147085860e-16   3.339010208992e-16   3.861088120180e-02   1.113805203737e-01
  -3.628298235849e-16  -3.310882384228e-16  -5.082477799436e-01  -3.376752970717e-01   4.082145934659e-01   4.680745234382e-01   2.142717864782e-16  -7.836613302725e-16  -5.464249723123e-16  -1.830560119804e-15   6.674031498578e-16  -2.610758831345e-16   2.983724378680e-16   9.294879072405e-16   3.422035693919e-15  -8.158602313750e-16   1.927972004900e-02   1.551178934567e-01   2.392933994215e-01  -4.002899881802e-01   4.568300028306e-15   2.796398407948e-16  -9.783840404509e-15  -1.211530875622e-14  -1.525221541538e-15   9.425758693536e-16  -2.495291299975e-16  -1.118667075553e-16  -3.391380497560e-16   8.064295758947e-16
  -2.231653192908e-15  -8.927591738789e-16   2.492636946808e-01  -1.835816818240e-01   6.767303927523e-01  -4.519675630159e-01   2.911840122454e-15  -1.405017595324e-15  -5.093780054623e-16   4.801551263072e-15  -3.726999595660e-16  -9.139553263510e-16  -4.826868071905e-16  -4.371405652194e-15  -2.022656743272e-15  -1.318282551070e-15  -2.041175038104e-01   3.462300463662e-01   1.707001319298e-01   2.263822844442e-01   7.147187452781e-15   1.494086184422e-16  -5.272692005232e-15   9.700573677662e-15   1.255766054650e-15   2.078369391277e-15  -8.206190718271e-16   6.289383156507e-16   1.239655000252e-15  -1.650968858152e-16
  -1.386917364225e-15   5.533767888366e-16  -5.305134616923e-01  -3.000848502929e-01  -2.624438887700e-01  -5.636497855190e-01   1.421597856155e-15   1.227316859254e-15  -4.445592351052e-16  -1.528884705317e-15   7.260567520763e-16   4.605690828718e-16  -1.179611963664e-16  -1.718880710794e-15  -2.933459471636e-15   1.457175128165e-15  -3.939475380027e-01  -3.822695591271e-03  -2.432993881345e-01  -1.658999884057e-01   6.775191140291e-15  -3.299174390459e-16   8.118505867571e-15  -5.634381849973e-15   1.151146720890e-15  -3.594021239782e-16  -7.936359902594e-16   2.436714269763e-16   4.426225387670e-16   3.586540786582e-16
  -6.213820024557e-16  -6.285662094985e-16  -3.951969098312e-01   7.213151657572e-01   2.541522227613e-01  -1.303986489748e-01  -1.641700189971e-15  -1.719110964693e-15  -2.795695958839e-15   2.828982376958e-15  -1.411463471224e-15  -1.396452398161e-15  -6.106226635438e-16   1.063346976465e-15  -2.332965495432e-15   2.313041505430e-15  -2.114151093329e-01  -3.130099922379e-01   3.103743156342e-01   5.406343144056e-02  -2.951251482444e-15   1.899316230769e-16   8.187894806611e-16   1.048466868880e-14   1.640734684299e-15   9.910702512196e-16  -1.607654981362e-15  -2.233142824129e-15   9.098712604930e-17   1.994931997373e-16
  -3.268864442198e-15   8.619407271260e-17   5.516420653606e-16   7.441963711941e-16   1.736458199453e-15   7.427576965855e-16  -2.502679768584e-02   7.398531150842e-01  -4.418959477228e-01   5.807748511676e-02  -2.596167758355e-15   8.331226333813e-15   6.696032617270e-16  -1.055262149060e-15  -2.253580944380e-16   2.264729021340e-15  -8.295453451246e-16  -7.550967845432e-16   6.869504964868e-16  -6.530030088829e-16  -1.327900927898e-15  -4.803882980832e-17  -3.781697177629e-16  -5.793976409763e-16   5.015864218807e-02  -1.701898621274e-01   1.247967719702e-01   4.541930115658e-01  -3.383284249307e-17  -5.507747036226e-16
  -4.763191431350e-16  -7.833191289618e-17   1.513166762029e-15   2.753873518113e-15  -1.651239908695e-16   7.018692554384e-16   8.044383523971e-01   7.861405715059e-03  -7.273118087100e-02  -3.068897297329e-01  -3.406895157399e-15   2.096508188408e-15   6.236330896137e-16  -9.027391149416e-16   7.218394512110e-16   1.349901275904e-15  -2.920687733128e-15   1.142020803082e-16   2.458103165459e-15  -1.492292292307e-15   2.121535383796e-15  -8.418320933512e-18   1.070324384678e-15  -3.126839065448e-16  -4.936730419910e-02  -2.970475776725e-01   3.492082647212e-01  -2.018048521019e-01   2.034542580073e-15   4.932984359537e-16
  -4.458143944541e-01   3.118079361169e-01   3.779528773284e-16   6.199468022272e-16  -5.022024462953e-16   1.358518871247e-15  -2.631575127726e-16   7.896081791886e-15   6.188858057811e-15  -1.013237222178e-14   5.309242007679e-01  -3.610018457505e-01   4.206704429244e-17  -2.850850745275e-15   8.323089646145e-16  -8.326092366090e-17   2.375652117021e-16  -1.141612013408e-15  -1.188285581044e-16   1.699022349417e-16   2.804706514273e-15  -4.190286508719e-18   6.158268339718e-17  -9.540979117872e-17  -4.606116547684e-16   6.274805060597e-15   3.526435328645e-15   1.610149410255e-15   5.104076255667e-01  -1.769365785788e-01
  -3.118079361169e-01  -4.458143944541e-01   1.778362613419e-16   5.943054208479e-16  -8.391724815038e-16   4.180589185037e-16  -2.685886029054e-15  -4.101563923567e-15   1.386422538676e-15  -6.602392505626e-15   3.610018457505e-01   5.309242007679e-01  -2.619432448725e-16   1.114665273611e-15   6.017324719230e-16  -3.378084543349e-15   2.683200476571e-16  -5.810305551714e-16   9.224392083507e-16   1.296958861277e-15   1.766876236926e-15   3.439638965206e-17  -1.183948772354e-16   4.067926551166e-16  -1.310002960334e-15   1.707260037609e-15   2.670135840948e-16   9.793339041201e-16   1.769365785788e-01   5.104076255667e-01
  -4.649556493567e-15  -8.158892398497e-16   1.747300221178e-15  -7.563394355259e-16   8.378714388968e-16  -5.919320959327e-16  -1.917396907748e-01  -3.760813828691e-01  -6.653987782029e-01  -3.545379328089e-01  -2.007585170492e-15  -8.922224938035e-15   2.737393645091e-15   3.049806016634e-15  -2.344960878450e-17   3.067051968640e-15   7.144194649051e-16   3.773007785778e-16  -3.056582764671e-15  -4.077867153999e-16  -1.188999200297e-15   1.649719584249e-17  -9.853229343548e-16   6.418476861114e-16   2.987166553396e-01   2.878244457282e-01   2.850604460037e-01  -3.463379076749e-03  -5.655599183771e-15   1.271552307891e-15
   2.267366097470e-15   1.175885018696e-16   5.963111948670e-17   1.548674383178e-15   4.371503159462e-15  -2.834207628667e-15  -2.492839404483e-01   2.403588052332e-01   3.214601189493e-01  -7.234656516381e-01  -1.664534303308e-14   4.077684370718e-15  -1.041701447324e-15   5.862020793982e-16   1.229531811415e-17  -1.803206760633e-15   2.187732109596e-15   1.387075201240e-15   1.448494102441e-15   1.873380243666e-15   1.545776385623e-16  -1.045872902262e-17  -7.875644580935e-16  -1.225582135778e-15   3.989503030694e-01  -2.308706141450e-01  -1.859190691856e-01  -7.948282534460e-02   4.207514989578e-15   1.147627999576e-16
   8.948090414207e-16  -3.491130995403e-17  -4.163336342344e-16   2.775557561563e-17   2.775557561563e-17  -1.135423257453e-15   4.470821803258e-17   6.800116025829e-16   2.220999850658e-15   3.550127897499e-16   2.080472193225e-15   5.325601071249e-16   8.958250493505e-01   4.397371780176e-01  -4.695251998148e-02   4.386520366680e-02  -1.039706701148e-15   3.278428743631e-15   1.221245327088e-15   2.054741970724e-15   4.525458982536e-17  -7.849282145141e-16   3.330669073875e-15  -3.219646771413e-15  -2.110161819955e-15  -2.938799701199e-15  -2.273355115268e-15   3.640324547759e-16   6.677366927692e-16  -2.246466901390e-15
   2.471440225184e-15   5.985304211888e-17  -1.021752127350e-15   1.501620008892e-16  -5.072981965060e-16  -3.018695985572e-16   1.324450425587e-15   1.019150042136e-17  -4.636535653686e-15   2.569649606871e-15  -6.221089620051e-16  -3.665592677483e-15   4.350868486143e-03   1.062771553906e-01   1.617921163784e-01  -9.810757092413e-01  -4.308745401809e-15  -3.383444339452e-15  -5.724587470723e-17   2.175744724036e-15  -2.265385174911e-15  -3.812261596045e-18  -1.558215362296e-15   1.076612757278e-15   2.651453643371e-15  -1.871445521384e-15   1.137988764636e-16  -7.644084667725e-16   4.141557058642e-16  -9.614298289787e-16
   2.640989991410e-16   1.090707385520e-16   2.871188858362e-01   1.907592298394e-01  -2.306082267020e-01  -2.644242453411e-01  -2.363655487689e-15   5.308253836489e-16   9.857931485070e-17   2.517677865009e-16   9.512767757738e-16  -8.760353553683e-16   3.330669073875e-16  -9.804805688343e-17   2.880377507872e-15  -2.180512470660e-15   3.412828412280e-02   2.745842536595e-01   4.235887815492e-01  -7.085792954152e-01   8.064196741810e-15   7.960667163759e-16  -1.554312234475e-14  -2.142730437527e-14  -3.481179472751e-16   2.314566821409e-15  -4.575333167889e-16  -5.768186367867e-16   4.802429614898e-17   1.158795281953e-15
   1.575329691756e-15   3.979021973022e-16  -1.408138256976e-01   1.037088011503e-01  -3.822979342873e-01   2.553251155207e-01  -1.044236256149e-15   9.055256544599e-16  -8.089724988092e-16  -2.263780256805e-15  -8.276231740081e-16  -2.619432448725e-16  -9.714451465470e-16  -5.616246411304e-15  -2.222216421656e-15  -2.766836581718e-16  -3.613216450639e-01   6.128842827699e-01   3.021673855997e-01   4.007339787218e-01   1.242567001526e-14   5.961618224005e-16  -8.604228440845e-15   1.862399123809e-14   2.550020870847e-16   3.847265901040e-15  -6.830473686659e-16   1.283091686825e-15   2.058558073720e-15  -2.255140518770e-16
   1.243803079226e-15  -2.337539883879e-16   2.996971950553e-01   1.695236679282e-01   1.482595692726e-01   3.184165377721e-01  -2.228758094979e-15  -1.873501354055e-16   3.280099105513e-15   4.286586610305e-16   4.880317629000e-16   1.037364638634e-15   2.775557561563e-17   1.567944775867e-15  -1.202503460770e-15   1.821655674354e-15  -6.973521125961e-01  -6.766801640391e-03  -4.306800422440e-01  -2.936703399161e-01   1.081775614885e-14  -7.836354458431e-16   1.432187701766e-14  -1.124100812433e-14   3.127308036337e-15  -3.934093593442e-16  -5.368969158148e-16  -5.178000506132e-18   7.721385570450e-16   5.984795992120e-16
   3.057168096230e-16   4.089610594615e-16   2.232542883891e-01  -4.074847247772e-01  -1.435754486524e-01   7.366468932210e-02  -1.058929929665e-15   1.353084311262e-15  -3.827765637783e-16  -2.310840405038e-15  -1.278342568993e-15  -6.314393452556e-16  -8.326672684689e-16   2.867096544392e-15  -2.484226130679e-15   3.167323756047e-15  -3.742396103693e-01  -5.540793082690e-01   5.494137260013e-01   9.570118985999e-02  -5.640326238801e-15   1.130137629013e-15   1.110223024625e-16   1.809663530139e-14   1.001147336362e-15   3.636814578832e-15  -2.034830637321e-15  -2.245475037995e-15   1.615499231574e-16   3.955169525227e-16
  -1.477998159152e-16  -8.277883586927e-17   2.654126918245e-16  -3.261280134836e-16   4.232725281383e-16   1.734867062879e-15  -1.495104630899e-16  -1.539567084929e-16  -6.205651305934e-16  -2.615403382154e-16  -8.089267504867e-16  -1.245965136620e-15  -1.226340180874e-01   1.606336906817e-01  -9.688810391323e-01  -1.429239204460e-01   3.797147958349e-15   2.007414504932e-15   1.179611963664e-16  -3.928117054558e-15   2.516901895384e-15   1.074527899458e-16   1.033895191682e-15   1.408595462493e-15  -1.462081249676e-15  -1.417075958774e-15   1.559841665555e-15  -2.816067759233e-16   3.025888236027e-15   6.862999751833e-16
   7.289194257183e-16   4.438723694156e-16  -6.453171330634e-16  -3.191891195797e-16  -1.110223024625e-16  -2.567501330901e-15   7.918451479039e-16   4.423544863741e-16   3.538853786689e-16   6.636192141721e-16   1.172220816879e-15  -2.716576963380e-15  -4.271293112248e-01   8.772304132491e-01   1.813513274149e-01   1.230408452844e-01  -1.150155153664e-15   6.260659042758e-15   1.110223024625e-16   3.307592511165e-15   1.115713188023e-15   3.742537093257e-16  -1.748601263785e-15  -7.494005416220e-16  -1.586659133798e-15  -2.072206158597e-15  -1.220811646219e-16   1.131381325722e-15   1.839619202898e-15   8.708311849404e-16
  -4.933071870132e-17  -1.649458506792e-17  -1.899196609953e-16  -9.245394325215e-17   2.223362937357e-16  -2.865848796506e-16  -7.324221241987e-17   5.536509972716e-17   1.474090116353e-16  -2.588608898920e-15   4.634361655140e-15  -2.100591878128e-16  -7.934860958467e-16   1.609823385639e-15  -1.880440247960e-15   1.870031907104e-15  -9.571676566287e-15   1.989067477724e-14  -3.380485463752e-16  -1.358934848112e-14  -9.692553521204e-01   1.728553012861e-30   1.594930401425e-01   1.873660388973e-01  -5.576627104278e-15  -1.725668709246e-15   1.472977283140e-16  -1.970951319460e-15   3.074929879085e-16  -1.439988869461e-17
   2.849315374004e-16  -1.125977467301e-16   3.920821045824e-16  -5.643457206600e-16   7.088961113267e-16   3.664716413886e-16   2.659648485807e-16   5.262226304811e-16   7.727727914312e-16  -9.189655466618e-16  -3.349823187307e-16  -6.153167858095e-16  -5.709952278295e-17   9.714451465612e-16   2.477185123695e-15  -1.318389841741e-16   1.592644845536e-14   8.736657704689e-15   2.078001661166e-15  -2.831786074404e-14   2.460570307590e-01  -2.191934453715e-30   6.282668790630e-01   7.380627793667e-01   1.986268958494e-15   1.268802650528e-15  -4.437778045710e-16   3.036714594200e-15  -1.054902336150e-15  -7.133644815005e-18
   1.549121133770e-15  -3.043219972895e-16  -5.386316392908e-16   1.726049858597e-16  -9.723125082850e-16  -5.677060880249e-16   1.457815676159e-02  -4.309658322106e-01   2.574052213583e-01  -3.383024440357e-02   2.165707440733e-15  -5.166006511459e-15  -1.006139616067e-16  -1.269580711676e-15   2.502156726300e-16  -1.262128664501e-15  -1.342661282442e-15  -2.155731067543e-15   4.085273785925e-15  -6.536726645422e-18  -1.944150649729e-15   2.146020474133e-17  -9.714451465470e-16  -1.280225925271e-15   8.610897871157e-02  -2.921704929711e-01   2.142426930250e-01   7.797279722449e-01  -1.437139273010e-15  -7.242470512203e-17
  -9.854654858670e-17   4.428931993285e-16  -6.881431188765e-16  -2.238660645748e-15  -2.081668171172e-17  -8.134469178802e-16  -4.685868545184e-01  -4.579283627064e-03   4.236604976403e-02   1.787638452481e-01   1.457893197514e-15  -1.386938524098e-15   2.177077962351e-16  -8.235989367953e-16   1.627701170455e-15   7.144946720780e-16  -2.144097231157e-15   1.388206026569e-15   2.653259556507e-15   1.808598953626e-15   2.155886456329e-15  -1.334768429675e-17   1.955900719164e-15   5.980459183430e-16  -8.475046294891e-02  -5.099512751206e-01   5.994972296108e-01  -3.464449784820e-01   3.493390511518e-15   7.521381521075e-16
   1.957829840409e-01  -1.369329679347e-01  -3.950832716537e-16  -4.458239333260e-16   4.432218481121e-16  -7.570431396936e-16   2.067956105958e-16  -7.351649670972e-15  -4.017172458525e-15   7.402530459916e-15  -4.123444708684e-01   2.803735728249e-01  -1.231653667944e-16  -8.258537722328e-16   1.712968189263e-15   6.312814466729e-16   1.619045738357e-15  -9.654476891882e-16  -2.046973701653e-16  -1.890606321981e-15  -1.529856557085e-15  -4.261262675895e-17   8.777700788443e-16   6.886852199628e-16   8.137564294795e-16   8.941526254511e-15   5.170966736398e-15   3.243363222450e-15   7.872731417035e-01  -2.729140575542e-01
   1.369329679347e-01   1.957829840409e-01   2.081668171172e-17  -4.909267437014e-16   1.682681771698e-16  -2.062405421033e-16   1.961384242331e-15   3.743099580289e-15  -9.401371715379e-17   5.062792918505e-15  -2.803735728249e-01  -4.123444708684e-01   2.574329638350e-15  -1.392019894916e-15   1.170648716104e-15   1.564358233945e-15   1.149052933998e-15  -1.446579148188e-16  -1.800642968064e-15   3.303683784152e-16  -1.166400336644e-15   1.061310982878e-16   2.428612866368e-17   2.810252031082e-16  -7.854309803323e-16   2.757068879346e-15   7.495631719479e-16   1.778742125199e-15   2.729140575542e-01   7.872731417035e-01
   2.895624381376e-15   5.593466770488e-16  -2.161465451067e-15   1.925543058334e-16  -3.660266534311e-16   5.739756308521e-16   1.116887308005e-01   2.190681134439e-01   3.875960408270e-01   2.065190132312e-01   1.963778204669e-15   5.266620473066e-15   1.736458199453e-15   2.361882602650e-15  -6.880104699672e-16  -4.928379045297e-16   2.487488100636e-15  -8.957782043346e-16  -8.500145032286e-17  -5.559202944197e-16  -4.334535073448e-15  -2.450833358211e-17  -1.415534356397e-15   3.989863994747e-16   5.128166352466e-01   4.941176233788e-01   4.893725748079e-01  -5.945695939530e-03  -8.310315878211e-15   1.783295733304e-15
  -1.417833352034e-15  -1.454863790204e-16  -4.449565715881e-16  -2.490195549765e-15  -3.558785210966e-15   2.830671597393e-15   1.452083645546e-01  -1.400094564915e-01  -1.872511243934e-01   4.214201039060e-01   1.065582511350e-14  -2.353098185054e-15  -2.177077962351e-16  -3.323258441504e-16  -1.535870102326e-15   4.492601413466e-15   1.517591212867e-15   1.544525956338e-15   1.802377691540e-15  -9.498762431300e-16  -4.039878104158e-15   1.580929062847e-17   7.953707137354e-16   4.779163176316e-16   6.848910109084e-01  -3.963431211714e-01  -3.191733362827e-01  -1.364507613637e-01   7.091082623481e-15   6.505213034913e-16
  -4.096359856178e-17   5.290906601729e-17   5.273559366969e-16   6.106226635438e-16   5.551115123126e-17  -3.063841983741e-16   3.455286165874e-16   4.163336342344e-17   2.393482133402e-16   2.261483708313e-17  -2.885605951482e-16   1.942890293094e-16   4.107825191113e-15   1.029416793542e-15  -5.460881202139e-16   1.956766300484e-15  -2.028779924586e-15  -6.251834880563e-15  -2.464695114668e-14  -1.964621129496e-14   3.163005407965e-12   7.199631761798e-18  -7.614740302982e-01   6.481954189760e-01  -9.367761360973e-16  -2.073943655156e-15  -2.003605614753e-16  -6.145147076627e-16   9.564152601420e-17  -5.412337245048e-16
   1.996542717336e-31  -3.480686690068e-18  -1.571537569161e-16   2.655266404862e-16   3.398136609767e-16   3.021113858835e-30   0.000000000000e+00   6.109593030652e-17   5.644865360060e-30   0.000000000000e+00  -7.703373371246e-30   4.061016798578e-17   8.762070396259e-16  -3.813276441589e-30   0.000000000000e+00  -4.273985437714e-43   0.000000000000e+00   3.350737867165e-29  -1.707393509842e-15   0.000000000000e+00  -1.974119484230e-29   1.000000000000e+00   5.482332614358e-18  -4.666768326337e-18   0.000000000000e+00  -1.412815446770e-29   2.273148100939e-17   0.000000000000e+00   8.946863544920e-31  -1.126727893184e-16
