ARMA_MAT_TXT_FN008
30 30
   9.587990978965e-01   2.471457589251e-01  -4.397741606219e-17   3.419425023995e-16  -9.666118621203e-17  -1.888680184470e-16   1.325125266414e-16   1.202597049721e-15  -1.299024698075e-15   8.698827806390e-16   3.348997028810e-02   1.299239503055e-01  -5.712489735548e-16   3.002752028388e-16  -4.553649124439e-17  -6.216760663467e-17   6.348003719903e-17   2.717574793053e-17  -7.783093440359e-17   1.793634400882e-17   1.049507702966e-16   2.305276728405e-16   0.000000000000e+00  -5.819482401601e-17   8.431151572175e-17   2.918155101283e-16  -8.565197162635e-17  -8.362753834710e-17  -3.899269622398e-02   1.005098932817e-02
   2.471457589251e-01  -9.587990978965e-01   3.548670515455e-17  -6.883423938281e-17  -2.236965775321e-16  -1.153591111525e-16  -4.882493919774e-16  -2.271620391792e-15  -2.084672924952e-16   2.740323615020e-16  -1.299239503055e-01   3.348997028810e-02  -1.547301037430e-16   7.824611337297e-17   3.469446951954e-16  -1.634275268173e-17  -1.912532632264e-16   3.744912683071e-17  -5.458435249327e-17   5.250959024028e-17   8.673617379884e-17  -4.812000285242e-16   0.000000000000e+00   6.828778478439e-17  -1.106453070559e-16  -4.349213599679e-17  -2.081668171172e-16  -3.931290499502e-17  -1.005098932817e-02  -3.899269622397e-02
   1.256796507041e-16  -2.102829361062e-16  -1.216612591773e-02   1.158718571005e-01   9.771306819714e-01   2.638424651350e-18   1.110556448429e-16   2.619523694000e-17   1.925678725262e-16   2.849954575872e-16  -3.566063448454e-17  -3.909599464880e-18   4.510281038121e-17  -4.852758026930e-16   5.616600758748e-19  -2.207380444405e-15  -9.328569646994e-17  -3.543569467641e-02   1.459467343641e-02  -1.737027216612e-01   2.703454956980e-19   6.384817770424e-17   0.000000000000e+00  -1.011830118534e-16   1.831625271129e-17  -1.115512944754e-16  -2.063542002919e-19  -1.433276290585e-16  -4.632438761161e-17  -2.296080147378e-17
  -3.927993266368e-17   4.354652587831e-17   9.836496140480e-01  -2.377215578210e-02   1.506628455416e-02  -2.091468472831e-17   9.593792167842e-16  -2.261952024589e-17  -7.912867063148e-16  -8.253599203494e-16   3.745247888358e-17   5.905786383520e-16   1.118896641993e-16   8.769256966573e-16   4.971998153976e-18  -1.661281222470e-15   2.000657894032e-17   1.741996165051e-01  -3.477057364077e-03  -3.582920797353e-02  -6.432744239246e-20   9.365023192304e-16   0.000000000000e+00   2.083657698904e-17   2.828906495598e-17   1.068633355739e-16   4.081891632534e-18   7.968600401966e-17   1.464857380200e-16   1.325765176343e-17
   7.025551400982e-17  -2.688821387764e-17  -2.035519567640e-02  -7.835352218253e-01   9.266113433282e-02  -5.877336198397e-01   1.045999701744e-16  -1.734723475977e-17  -6.636619154791e-17   1.117828270609e-16   2.055647319033e-16   1.492945251747e-16  -9.507117862001e-16   7.797456663062e-16   2.220446049250e-16   2.653580221232e-16  -3.120285756827e-02   6.236881017405e-03   1.744979712801e-01   1.338915517524e-02  -3.330669073875e-16   3.435088964381e-16   0.000000000000e+00   7.661466704796e-17  -1.391186078955e-16  -9.887595912428e-18  -1.804112415016e-16   2.212513199121e-16   2.347394640106e-16  -1.825796458466e-16
   3.401914889120e-16   2.506675422786e-16  -1.515782668871e-02  -5.834722144526e-01   6.900161694954e-02   7.892577928964e-01  -9.899817898903e-18  -4.198030811864e-16   3.179205234167e-17  -4.117136464787e-17  -2.584737979205e-16  -1.357220258387e-16   4.303166135576e-16  -1.504042422019e-16   8.326672684689e-17  -4.922326428989e-17  -1.751219864609e-01  -1.111273998139e-03  -3.109167189022e-02  -2.385650770275e-03   6.383782391595e-16  -3.709475036724e-17   0.000000000000e+00   1.327329952291e-17   4.375099469725e-16  -5.430982353255e-16  -3.330669073875e-16   1.180436355382e-16  -3.034365201942e-17   6.873841773558e-17
  -1.500856913814e-17   2.712436960918e-17  -2.897627859223e-16   3.037121336846e-17   1.216171819060e-16  -3.490421213684e-18  -3.842240349094e-01  -1.243996533999e-16  -9.069659195043e-01  -3.715167390252e-02   2.871490518143e-16  -8.529860987486e-15   2.587990585730e-16   1.635188968705e-16   6.364713335472e-17   1.411616444486e-15  -5.766466131684e-16  -8.433150000714e-16  -4.183797481994e-17  -7.001280388756e-16  -1.106954110098e-15  -1.401616143201e-15   0.000000000000e+00  -2.508100212782e-15   2.332927843871e-02   1.666260629408e-01   1.324540239846e-16   9.796167532456e-03   1.009410234551e-15  -2.255624381069e-16
   1.091787408765e-17   5.443417316663e-18   1.279819437396e-15  -6.423220247547e-17  -2.869805310099e-17   6.891881571375e-18  -7.842153196275e-01  -2.721530820458e-16   3.113489862908e-01   5.095720520351e-01   3.295563843378e-15  -3.413770772926e-16  -6.072616368106e-16  -3.422099708063e-16   6.074942164006e-17  -1.044430415898e-15  -1.164603482730e-16   5.262174666571e-16   1.843139193366e-16  -9.414822376553e-16   1.796614524818e-15  -1.521432980442e-15   0.000000000000e+00   3.381909189572e-16  -5.362994052732e-02  -1.884060026385e-03  -1.993816306480e-16   1.597646543476e-01  -2.730991985318e-16   4.643902959067e-16
  -1.352854805181e-01  -3.487199020895e-02  -5.796091130019e-16   4.551633554094e-17   3.399093565602e-17   1.669671345628e-16   1.058161448662e-15   6.621439507803e-15  -9.386544846994e-15   6.472856756969e-15   2.413301191042e-01   9.362373908368e-01  -1.632629419450e-16   2.085431651342e-15   2.602085213965e-17  -4.714855117505e-16  -4.340061296459e-16   1.911414799465e-16  -1.956427747466e-16   1.028345981258e-16   8.170547571851e-16   1.014528733184e-15   0.000000000000e+00   2.637380268257e-16   1.394309881242e-15   1.493142694824e-15  -4.610027637408e-16  -1.865556400700e-16  -2.070114975287e-01   5.336051501843e-02
  -3.487199020895e-02   1.352854805181e-01  -1.187072887602e-16  -8.544927694099e-18   9.796986592247e-18  -1.318389841742e-16  -3.201043514761e-15  -9.913944665207e-15  -1.378279080582e-15   2.207737011748e-15  -9.362373908368e-01   2.413301191042e-01  -7.963178038762e-17   5.221263746244e-16  -2.671474153004e-16  -1.278102113735e-16   6.808789643209e-17   7.581126092547e-17  -7.488376760508e-17   6.613339298854e-17  -1.387778780781e-16  -2.636391884417e-15   0.000000000000e+00   2.348702844994e-16  -3.790319132099e-16  -3.201400482812e-16  -3.729655473350e-16   1.032041307412e-16  -5.336051501843e-02  -2.070114975287e-01
  -1.897721716217e-17  -2.112025832002e-16   9.624465673443e-18  -8.540523269416e-17  -1.750729074129e-17   1.561251128379e-16   4.250619249362e-01   3.627106525401e-01  -2.121782206644e-01   7.837979843028e-01  -5.761450344588e-15  -9.423143489323e-15   3.418609988419e-16   6.249348305618e-16  -1.942890293094e-16   1.505514910597e-16  -4.562322741819e-16   1.952107083620e-16  -4.060413616440e-16  -8.740305238701e-16   9.853229343548e-16  -1.278751178696e-15   0.000000000000e+00   2.471612765472e-16  -1.144857381215e-01   1.827584255992e-02   1.162027387321e-01  -3.821515195082e-02  -1.896612259326e-15   3.542088497510e-16
  -1.056402529119e-16  -4.182851981449e-16   1.400964888716e-17  -2.450588576520e-16   5.619266926557e-18  -4.510281037540e-17  -1.682145012984e-01   9.165350607325e-01   8.396765619687e-02  -3.101811272980e-01  -1.094176832472e-14  -8.675686899943e-16   1.852682343219e-16  -1.889585225784e-16   5.551115123126e-17  -1.507237611422e-16  -4.258746133523e-16  -5.643473463912e-17  -7.293710473141e-17   3.082010112220e-16  -7.077671781985e-16   9.756345799142e-16   0.000000000000e+00  -3.104373762879e-16  -1.089819021457e-01   1.739724194627e-02  -1.220712435142e-01  -3.637798051292e-02  -1.109567850527e-15   1.007765919325e-15
  -3.102356747003e-19   2.257049036030e-19  -9.999552670972e-17  -7.270245024223e-18   4.307277492847e-17  -3.795578282730e-18  -5.049354916731e-16  -6.625199008692e-32   1.481048124895e-15   5.538220510715e-16  -4.924563144264e-18   6.427501288031e-16  -6.327937503151e-17  -1.010796235933e-01  -3.449129342354e-17   9.948783391421e-01   5.419352398330e-18   8.010274348929e-15  -3.218614649225e-16  -1.452718437970e-14  -5.176899690513e-31   4.866199072924e-16   0.000000000000e+00   3.336414221687e-16   2.413902332916e-17   5.951371536911e-16   2.773339119918e-32  -2.188480992528e-15   2.297726592517e-16   1.194286421851e-18
   1.661718554902e-18  -2.857883275968e-18   6.739585677582e-17   9.925146264523e-18  -5.464319221096e-17   5.171913036713e-18   4.057593724062e-16   1.579262554398e-31  -5.826055991648e-16   5.982052355155e-16   1.655188389387e-17   1.899217842492e-15   7.353320418210e-16  -9.948783391421e-01   4.812208102223e-17  -1.010796235933e-01   4.889400830967e-18   4.549245469841e-15   4.231775676414e-15   3.306250538048e-15   4.252453317207e-31  -6.431974047591e-15   0.000000000000e+00  -3.834258946052e-16  -1.964990836053e-16  -8.450523639199e-16   2.157041537714e-32  -7.814720256283e-16  -9.984869829849e-16  -4.330650667320e-18
  -6.062899148932e-18  -1.023280573381e-17   2.199183855309e-03  -2.094532960972e-02  -1.766289478549e-01  -8.990367487038e-18   3.288687154858e-16  -1.332888340692e-17   6.988444907554e-16  -1.254805858488e-15  -4.222784740333e-17   1.257607458849e-16   5.568462357874e-16  -2.278742077271e-15  -2.158707139031e-17  -1.242116335672e-14  -2.718923827219e-16  -1.960341434730e-01   8.073933169654e-02  -9.609424782200e-01   1.481751751459e-18   3.947635911248e-16   0.000000000000e+00  -4.465748591645e-16   5.419351053151e-18  -1.180738674035e-15  -1.015027175033e-18  -6.770839770614e-16  -2.212224722418e-16  -1.994688052157e-17
  -1.049997914357e-18   9.679602736088e-18  -1.778073287359e-01   4.297123139727e-03  -2.723424858092e-03   1.492180199686e-17   1.829803061305e-16   2.382120829171e-18  -4.585662570255e-16  -6.681774644099e-16   1.130678630622e-17  -5.242298540058e-16   1.973247953926e-16   4.597311203459e-15   1.194220257472e-17  -1.012506687734e-14  -8.188552853911e-18   9.636913549104e-01  -1.923546210672e-02  -1.982111021259e-01  -3.530292838647e-19  -6.681541950376e-16   0.000000000000e+00   4.002432515938e-17  -4.089453013960e-17   1.338130604699e-15   9.190297437792e-18   1.175833376165e-15  -9.420847802896e-17   1.309292017628e-17
   5.861101360377e-17   6.179952383167e-18   3.679463619391e-03   1.416340765793e-01  -1.674969271381e-02   1.062404167699e-01   1.347620130785e-16  -5.767955557623e-17  -7.336975465286e-17   8.032697777785e-17  -5.833007687972e-17   5.646775423315e-17  -5.270715320486e-15   4.414762145820e-15  -4.336808689942e-17   1.518142941411e-15  -1.726176250576e-01   3.450310878212e-02   9.653418861985e-01   7.407027266078e-02   3.920475055708e-16   1.652539577105e-15   0.000000000000e+00   6.217208715123e-16  -1.709148983275e-15   6.397510272809e-16  -2.159730727591e-16  -3.477088155410e-16   1.074704333979e-16  -2.421023451160e-16
   7.864995493095e-18   9.671083378571e-17   2.739972277191e-03   1.054701128957e-01  -1.247293041449e-02  -1.426685049582e-01   4.266299687100e-17  -1.838806884535e-16   2.327727871059e-16  -5.617924745530e-17  -1.986258379993e-16  -1.740643997633e-16   2.281471243698e-15  -7.901257646479e-16   1.471045507628e-15  -2.650932009759e-16  -9.687940065138e-01  -6.147689452071e-03  -1.720025337108e-01  -1.319768131110e-02   1.804112415016e-15  -3.820162532793e-16   0.000000000000e+00   2.303026386292e-16   2.907143395022e-16  -2.240178595232e-15  -1.144917494145e-15  -6.469906103969e-16   1.032809987228e-15  -3.003782118871e-16
  -2.215737087644e-16   2.463307335887e-16   3.219440904906e-17  -2.892051849649e-17  -2.850158601521e-17   1.387778780781e-16   1.786587243638e-16   1.665334536938e-16  -8.528244629495e-17  -3.240733568140e-17  -2.567390744446e-16  -1.157730849287e-16  -4.467728014377e-01  -2.892023438196e-16   8.946474522936e-01  -2.415079202720e-17   6.106226635438e-16  -7.276933040991e-17  -2.483835796322e-15  -4.800801898229e-16   1.998401444325e-15  -3.627838511191e-17   0.000000000000e+00  -8.175771388604e-17  -3.931732647524e-16   2.935660794156e-16   9.992007221626e-16  -1.164380253043e-15  -2.568564937816e-16   4.640385298238e-17
  -3.332281995871e-16  -1.231653667944e-16   6.577498252485e-17  -2.563808687874e-16  -3.587776289845e-17  -5.551115123126e-17   2.904489200595e-16   3.469446951954e-17  -2.287901113618e-16  -6.405810203945e-18   1.752070710737e-16  -2.623912808805e-16  -8.946474522936e-01  -6.784732378673e-16  -4.467728014377e-01  -1.360540456239e-16  -1.797173521112e-15  -1.306510749473e-16  -5.545387585050e-15  -9.627852038814e-16  -2.275957200482e-15  -2.972053282211e-16   0.000000000000e+00  -2.448367248457e-16  -4.708389014785e-16   9.100416429111e-16  -2.775557561563e-16  -1.863300772322e-15  -2.695628316985e-16  -7.589415207399e-18
   7.964207705605e-17   2.202025782459e-18   7.727014236074e-16  -1.062266427033e-16  -1.651082279671e-17  -1.359197042949e-19   2.772257512463e-17   1.595342236960e-16   7.993253606491e-16  -1.479184129182e-15  -4.572367078775e-16  -3.307017573241e-16   5.551115123126e-17   4.248412594506e-15   5.292327214396e-17   3.758176383207e-16   2.704801393349e-16  -5.675905324396e-16   9.408782126053e-16  -3.940413673319e-16  -1.661017785876e-16  -7.430625311774e-01   0.000000000000e+00   6.692219921373e-01   9.623374543326e-16   8.690682760142e-15  -7.629172070584e-17  -4.302226258400e-15  -7.088847680953e-16   1.321027027582e-14
   1.445180504326e-17  -3.211012521185e-18   6.986978803033e-16   1.428961461531e-17   7.342766018356e-19  -1.287393503185e-18   3.019596985404e-16  -2.629793527333e-17   9.404791899091e-16  -1.006025291189e-15   4.359095346497e-16   2.389121154666e-16   3.504141421473e-16   4.812102255957e-15   8.654744907549e-17   1.259022910577e-15  -1.372878946752e-16  -2.374989169279e-16   1.614603607227e-15   1.172165025648e-16  -7.738165350434e-16  -6.692219921373e-01   0.000000000000e+00  -7.430625311774e-01  -2.575806098861e-15  -1.102716075049e-14   3.121441793609e-17  -2.266858336017e-15  -6.971852508099e-16   4.630848751104e-15
  -2.276243264267e-17  -4.845784278039e-18   1.702957624038e-16  -5.228388840882e-17  -1.262471486860e-16   6.073173375038e-18   6.569541795566e-02   1.619785710517e-16   1.550749035453e-01   6.352269829642e-03  -3.417797248284e-16   1.252393512982e-15   6.661338147751e-16  -6.813749061420e-16   1.489472075924e-16  -6.690924991218e-16  -1.964482435388e-15  -1.344221121408e-15  -7.898436386513e-16  -7.309719531835e-16  -5.785426681077e-15  -1.114422558150e-15   0.000000000000e+00  -1.354312319076e-14   1.364428414063e-01   9.745236458865e-01   7.373624697940e-16   5.729353938366e-02   6.106891114969e-15  -2.216951594369e-15
   3.812013010779e-17  -3.401230877661e-17  -5.965773394569e-17   1.121274353828e-16  -2.015551637181e-17   3.557638113348e-17   1.340867528038e-01   3.353260461181e-16  -5.323509183717e-02  -8.712768045567e-02  -5.099605339573e-16  -1.337483513456e-17  -1.942890293094e-15  -6.676857426434e-16   1.393411739829e-16   1.788123487006e-15  -5.542378776988e-16  -1.401665604733e-15  -1.897552837890e-16  -1.069535765379e-16   9.547766901045e-15  -3.976248430346e-15   0.000000000000e+00   2.143447323267e-15  -3.136582851983e-01  -1.101905076299e-02  -1.077162690121e-15   9.343942399570e-01  -2.582052233899e-15   1.341456911705e-15
  -9.924816511739e-03  -2.558279742197e-03   2.766894194446e-16  -5.505870276350e-17   5.588596630798e-18  -2.284956078513e-16  -5.783883709228e-16  -2.449646388514e-15   2.352704001733e-15  -1.963749100659e-15  -5.423856703735e-02  -2.104178901260e-01   4.195368565791e-16   4.973099261955e-16  -8.727827488508e-17   3.885283554729e-16  -9.234692004145e-16  -8.862525983404e-17   4.735706483302e-17   1.389035991456e-16   2.952716196547e-15   4.157927155945e-15   0.000000000000e+00  -1.527823221669e-15   5.974137965408e-15   5.530914048891e-15  -1.846721560395e-15  -8.354135426571e-16  -9.451572265401e-01   2.436293490152e-01
  -2.558279742198e-03   9.924816511739e-03   7.469446295989e-17   1.621730584211e-17  -1.733605793479e-17   7.502679033600e-17   3.872400037887e-16   2.267175162884e-15   3.146571197818e-16  -5.205067009693e-16   2.104178901260e-01  -5.423856703735e-02   9.761244720117e-17   1.359642847366e-16   4.813857645836e-17   1.032576309778e-16   3.735076484213e-17  -1.663598316741e-17  -2.017123866038e-16   2.916841520570e-17  -2.498001805407e-16  -1.170036144912e-14   0.000000000000e+00   5.008519654648e-15  -1.539121067430e-15  -3.242834810859e-16  -2.308483265656e-15   2.082339864321e-16  -2.436293490152e-01  -9.451572265401e-01
  -1.082435063609e-16  -8.673617379884e-19  -1.002288338306e-17  -1.993830478075e-16   2.594240822709e-17   1.526556658860e-16  -7.267796462111e-02  -6.201701546655e-02   3.627866978941e-02  -1.340153959492e-01   1.031293106468e-15   1.668338613255e-15   1.100510877331e-15   1.537935718013e-16  -8.881784197001e-16  -4.328510005582e-16  -1.037364638634e-15   4.830378853377e-17  -1.066471725726e-15   1.833827677747e-17   5.162537064507e-15   1.904459267196e-15   0.000000000000e+00  -5.784072773784e-17  -6.695774775387e-01   1.068874845195e-01   6.796194701631e-01  -2.235038657815e-01  -4.445574712947e-15   4.755310728521e-16
  -1.300356310554e-16   8.760353553683e-17  -1.219097149419e-18  -4.128976597366e-17  -3.400323811846e-18  -2.775557561563e-16   2.876166237650e-02  -1.567110550490e-01  -1.435696304088e-02   5.303540889784e-02   1.811051308920e-15   1.732103466635e-16   8.059456712210e-16   2.804243190500e-16   8.326672684689e-16  -3.617667866193e-16   9.402201239794e-16   1.000832133588e-16  -1.057851613564e-15  -1.801790529723e-16  -4.773959005888e-15   1.482262471348e-15   0.000000000000e+00  -6.330727719573e-17  -6.373879256358e-01   1.017489302131e-01  -7.139418119100e-01  -2.127590460565e-01  -9.078918659046e-16   2.891241933367e-15
   1.178448566393e-17   3.122502256758e-17  -2.490611981857e-18  -1.142695700099e-16   5.652324334501e-19  -3.330669073875e-16   6.146078880165e-17  -1.942890293094e-16  -1.471752964185e-16  -1.115241376588e-16   1.353084311262e-16  -1.194627441463e-16  -1.226059433759e-15   3.923161490878e-30  -2.775557561563e-15  -1.705665906464e-29   2.206568261442e-15   1.235181013977e-18   9.139338453648e-18   2.261533993836e-18   1.000000000000e+00  -6.654199306689e-16   0.000000000000e+00  -4.769222040916e-16   4.463542095514e-15   5.887011857103e-15  -7.216449660064e-15  -8.724478441108e-15   3.013650488009e-15  -8.990204414250e-16
   0.000000000000e+00   0.000000000000e+00   0.000000000000e+00   0.000000000000e+00   0.000000000000e+00   0.000000000000e+00   0.000000000000e+00   0.000000000000e+00   0.000000000000e+00   0.000000000000e+00   0.000000000000e+00   0.000000000000e+00   0.000000000000e+00   0.000000000000e+00   0.000000000000e+00   0.000000000000e+00   0.000000000000e+00   0.000000000000e+00   0.000000000000e+00   0.000000000000e+00   0.000000000000e+00   0.000000000000e+00   1.000000000000e+00   0.000000000000e+00   0.000000000000e+00   0.000000000000e+00   0.000000000000e+00   0.000000000000e+00   0.000000000000e+00   0.000000000000e+00
