ARMA_MAT_TXT_FN008
42 42
  -9.946527215936e-01   7.942886280429e-03  -2.491607665567e-17  -3.839458470467e-17  -3.885509535645e-17  -1.115167920713e-15  -8.558893503528e-16  -3.548091009637e-15   9.728704656338e-16  -6.644194200899e-16   9.940906625327e-02  -7.938397908656e-04   3.607393412163e-16   3.842699193727e-16  -7.791009048845e-17   1.322127732383e-17  -2.781103370688e-17   2.096624549205e-16  -1.762076902537e-16  -1.007304286369e-16  -1.701011239847e-16   7.516912443335e-16  -7.762887554996e-17   4.638457019146e-16  -4.326527293354e-16  -2.600499616982e-16   6.138447768752e-17  -1.894994361331e-16   2.142810686610e-04   2.683347596887e-02  -1.771747858897e-16   1.182855912547e-16   0.000000000000e+00  -1.833114823130e-16  -1.977601703273e-16   4.442822058209e-17   7.262391188411e-19  -1.473639684720e-16   1.430493874406e-16  -6.903268167397e-17   4.119798848855e-17  -8.551612900365e-17
   7.942886280429e-03   9.946527215936e-01  -1.184801666078e-16   2.436542007684e-17  -1.960237527854e-16   1.417566864970e-16   8.382846161240e-18   5.677824158000e-17   1.928924802130e-17  -3.725318664660e-16  -7.938397908655e-04  -9.940906625327e-02   7.002367512025e-18  -1.099919328825e-17   3.786033986319e-16  -6.213528163665e-17   4.480564585057e-18   6.468275936611e-17   3.171399289328e-17   1.572906301733e-16  -2.674452541565e-18   2.698113464865e-17  -6.245004513517e-17   5.724085582677e-18  -1.114976687538e-17   2.410789731421e-17   3.686287386451e-16   7.348732021828e-16   2.683347596887e-02  -2.142810686608e-04  -4.538727310657e-17  -4.305165749471e-18   0.000000000000e+00   3.712308238590e-16  -2.543538296651e-16   1.924173239948e-17   1.926974835287e-17  -4.429245010446e-17  -2.077746031543e-17  -2.165820261091e-16  -4.649058915618e-16   1.160787370835e-16
  -2.220448386187e-16  -5.479468870933e-17   3.630261972033e-01   7.602940394682e-01   2.003905768765e-10   5.230568070511e-01  -8.794641447388e-16   7.125817134707e-16  -1.212834126068e-16   1.854514173746e-17  -6.611889420116e-18   6.402607616794e-18   5.616541747011e-16   5.841719101237e-16   1.207421641007e-16   1.527557752848e-16  -1.171910599123e-01   2.332460763859e-02  -3.434160450706e-02   7.366124294543e-16   2.220446049250e-16   3.557042198096e-16  -2.734421613552e-17   7.112366251506e-17   1.332267629550e-15   1.942890293094e-16  -3.973813542193e-17   7.103238353953e-16   1.175150772986e-16  -6.796131898118e-18  -8.122125408457e-17  -8.214690945165e-17   0.000000000000e+00   2.314797836292e-16   2.324489780324e-16   7.839186891141e-16  -3.960839047049e-16   4.767551159584e-16  -8.435425666715e-03   1.009680164087e-02  -4.839728544194e-16   3.076200312347e-02
  -1.110225029065e-16   2.842597724072e-17   6.390398887790e-01  -6.126116864621e-01   3.685810402259e-10   4.469434101413e-01   8.773363979753e-16  -3.549406862175e-16  -2.589025322127e-16  -6.739567177128e-18   6.520031155581e-17  -8.651577507149e-18   1.271923242976e-15   7.257111506668e-16  -1.638394847742e-16   1.152680395650e-16  -1.224176662330e-02   7.885771032784e-02   9.533482216256e-02  -2.174902683933e-15  -6.730727086790e-16   4.138494431023e-17  -1.590184964284e-17   1.694065894509e-16  -9.506284648353e-16  -1.647987302178e-16   3.763611024352e-17   4.908723662945e-16  -1.392609831691e-17   4.695538973303e-17  -3.762562770165e-16   2.271442544959e-16   0.000000000000e+00   1.806678869327e-16   6.909912898542e-17  -3.894683085465e-16   3.182001494712e-16  -2.806319587243e-16  -7.596432806787e-03   3.028435576476e-02  -1.108602789854e-15  -1.202308821592e-02
  -1.911411127419e-16  -1.711413129268e-16  -6.657441613875e-01  -1.734361405752e-01   1.033907436685e-02   7.141576786476e-01   3.750754171049e-16  -1.207801236235e-16  -2.246225569930e-16  -8.456776945387e-17   1.173274196728e-16   1.168227840853e-17   2.555812083456e-15   4.904239002902e-17   7.968885967768e-17  -1.466246003301e-16   3.966726843821e-02   9.324368934660e-02  -7.203439672735e-02  -5.436403095375e-04  -4.497608324987e-16   2.986596664283e-16  -2.949029909161e-17   1.166228095860e-16  -3.606180067923e-16   1.673141637309e-16  -2.976134963473e-17   2.772229850565e-16   7.989214758503e-18   1.289253951237e-16  -1.579144813621e-16   4.798834838794e-17   0.000000000000e+00   2.515349040166e-17   3.810970636287e-17  -4.966364779548e-17   3.308829636930e-16   3.950818131242e-16  -3.147111611342e-02  -1.001518693019e-02  -3.514508656232e-04  -5.342659388382e-03
   6.462276858902e-17  -4.857225732735e-16  -6.941324161178e-03  -1.808317137491e-03  -9.916232012466e-01   7.446104134578e-03   2.042142530143e-17   1.839535387944e-17   1.033323633199e-17  -2.775557561563e-17   3.436444984742e-17  -9.020562075079e-17  -3.022028165971e-17   1.381136180884e-17  -7.494005416220e-16   3.662519192876e-17   1.734537531928e-04   4.077282988090e-04  -3.149860568466e-04   1.243255086464e-01  -6.693202584592e-18  -2.210631768429e-18   5.551115123126e-17   1.014381740048e-17  -4.645581044619e-18  -1.180051104706e-17   6.938893903907e-17  -6.903677790681e-17   1.630640067418e-16  -5.572228998995e-17   5.734652096129e-17  -1.412296576605e-16   0.000000000000e+00   1.221245327088e-15  -1.540434446667e-15   7.903045896198e-17   1.376513711927e-16  -3.416593500131e-16  -3.306035860224e-04  -1.052093831635e-04   3.345562924250e-02  -5.612455390296e-05
   4.689173530362e-18   1.083772275514e-17   1.052152681936e-16   1.069634702273e-15   1.790412234271e-17   1.693423184922e-17   6.653530112219e-01  -6.471769146948e-01   3.515180126184e-01   1.566215037574e-14  -2.037230197006e-14   1.108827530581e-16  -1.248172239365e-15   2.896415854468e-16   1.693350175804e-18   2.363640660407e-17  -7.318979648557e-16   2.009311920874e-16  -1.065292638557e-15  -1.618252718420e-17   8.111255265543e-16  -5.826120944744e-16   2.360073894922e-18   7.231853285082e-16  -2.898969052226e-03  -1.220370894702e-01  -1.258059118503e-17   1.021332968177e-03  -3.208174230920e-17  -1.278832300065e-15   2.633286117043e-16  -3.773949078482e-16   0.000000000000e+00  -3.475164516765e-17  -3.215187811057e-19  -3.283525003620e-16  -3.562053242457e-17  -2.853442542212e-16  -4.553700091725e-17  -2.454125335653e-16  -1.847641888842e-18   3.265329308207e-16
   9.513874218648e-18   8.325143257753e-18  -4.884194913947e-17  -3.334533480971e-16  -1.392107655600e-17   1.418442461492e-18  -7.216825683984e-01  -6.674119680058e-01   1.372335129757e-01   6.086602369863e-15  -3.188084915421e-14  -9.719856730299e-17   8.805698859978e-16   6.214882633167e-18   5.585575828201e-18  -1.552853292410e-16  -1.329793612625e-15   1.271608696822e-15   1.549176735747e-16  -8.631559266181e-18  -3.206384042487e-16  -1.532548905908e-16  -1.128286260112e-18  -4.358259799331e-16   1.220302703724e-01  -2.884829976960e-03  -3.697945721009e-17   1.670095152911e-03  -3.178347372325e-17   1.874651737156e-15  -1.646040278676e-16   1.035182539487e-16   0.000000000000e+00  -1.790625464953e-17   1.539885485375e-19  -1.234818522090e-16   6.695198147439e-17  -5.709130152224e-16  -9.181337292108e-18  -5.491086181497e-17   1.836178577465e-18   5.994297390510e-17
   1.023965154450e-01  -8.176963276076e-04   5.477213247761e-17   1.133038057462e-16   4.445228907191e-18   6.298579136077e-17  -8.760682590118e-15  -3.537634890738e-14   8.793925931857e-15  -7.841058531632e-15   9.823565287114e-01  -7.844693956996e-03  -4.187423351215e-16   2.469341538574e-15   6.769487314456e-18  -1.716025273697e-16   3.819618659659e-17  -7.928774782984e-16   1.356124980430e-16  -2.419100686370e-16  -5.475267276474e-16   1.393072803457e-16   1.040291984500e-16   8.571556803952e-16  -2.289183937011e-15  -1.888035434175e-15   1.802147298578e-16  -1.402407716920e-15   1.248074473227e-03   1.562908781163e-01  -1.533515669298e-16   7.931477443230e-16   0.000000000000e+00  -7.382332592454e-16   1.681868620068e-17   1.352755382230e-16   6.964978755283e-16  -1.123354611922e-16   1.815513430569e-17   1.076176709787e-16  -3.777766944754e-18  -3.159458207116e-16
  -8.176963276075e-04  -1.023965154450e-01   7.782253270975e-19  -3.740266812668e-17   8.673617379884e-17  -1.090614930716e-16   1.218592818750e-16   3.884239274638e-16   1.768233038196e-16   4.718447854657e-16  -7.844693956996e-03  -9.823565287114e-01   6.029252429535e-17  -1.277491922876e-16  -2.949029909161e-17   1.187056760866e-16   1.292035319654e-18  -6.527195688213e-17   6.999336644491e-17   1.054928713828e-15  -4.063584239143e-17   1.284408850945e-16   3.747002708110e-16   9.046781899466e-17  -8.500516493487e-17   1.398600045834e-16   1.357854800821e-15   4.232101717300e-15   1.562908781163e-01  -1.248074473227e-03  -3.700749735176e-16  -1.602712388826e-17   0.000000000000e+00   2.567390744446e-16   2.688821387764e-16   1.774021251524e-17   3.132815414471e-16  -8.504635919964e-16  -2.256758335269e-18   1.097474650377e-16  -3.768686751560e-16  -2.076318966024e-16
  -7.470811898443e-17   5.464378949327e-16  -4.283498929933e-17   1.270657725494e-16  -4.163336342344e-17  -2.469607914544e-17   2.990453127363e-02  -7.076376006910e-02  -1.868858479157e-01   9.717352472613e-01   7.087979227084e-15   2.879640970121e-16  -4.823589191959e-17   1.653611953200e-16  -3.053113317719e-16  -3.897789471953e-16  -8.806938587303e-17   1.319222292189e-16   7.237153943498e-18  -3.998537612127e-16  -5.827353891661e-16  -1.609008317600e-16   0.000000000000e+00  -3.457431649052e-15   1.449337298571e-03  -9.342147433158e-04   5.779562248616e-02  -1.075136783605e-01   2.605771501352e-15  -6.047000186974e-16  -2.554975391205e-16   3.582415525947e-16   0.000000000000e+00   4.440892098501e-16  -5.030698080333e-17  -1.519896623270e-16  -2.079031223320e-16  -3.448597470933e-16   1.831614889343e-16  -4.272147391398e-16   2.203098814491e-16   2.799606272255e-16
  -3.481351456396e-17  -1.108054620280e-16   6.075303275869e-18   6.896769832889e-16  -6.938893903907e-18  -2.892042997313e-16   1.438153732682e-01  -3.403135289123e-01  -8.987620548405e-01  -2.020596715848e-01  -4.545023981633e-15  -2.424276057678e-16  -1.113563169251e-16  -3.402432257462e-16   2.775557561563e-17  -1.249371103953e-15  -7.452726070858e-16   2.501166354160e-16  -5.850007117919e-16   1.193706591907e-16  -2.617500202965e-16  -3.048316828596e-16   3.122502256758e-16  -2.274071084190e-15   7.790132508191e-04  -5.021368489382e-04  -1.075275051808e-01  -5.778819062319e-02   2.633635497185e-15  -1.357143563598e-16  -3.180674830150e-16   9.155136855605e-16   0.000000000000e+00   2.220446049250e-16   2.125036258072e-17   1.027991651588e-15  -4.693351247615e-16  -8.643566430568e-18  -2.101957735509e-17   6.716942656579e-16  -1.175275154974e-16  -4.833193840308e-16
   5.082218995113e-18  -2.262356469363e-18   2.279706485794e-18   6.687592845415e-17   1.272458019971e-19   9.300638850767e-18  -1.046471936883e-15   1.734723475977e-16  -2.557216371279e-16   3.493495275992e-17  -2.246875477027e-15  -1.974537255880e-16  -5.642516734244e-01   8.183615262896e-01  -2.691726515177e-16   2.649743045704e-02   5.487450908500e-15   8.930854540976e-15  -4.210256864901e-15  -3.972971221399e-16   1.172564649543e-15   4.329338137741e-16   1.035763374090e-17   1.998401444325e-15  -1.283695372223e-16   8.118505867571e-16  -7.832528866216e-17   2.444436357895e-15   3.659316909168e-17  -1.721957359337e-16  -1.324013360714e-16  -1.082467449010e-15   0.000000000000e+00  -3.183586523807e-16   2.459098842316e-16  -3.546417598280e-02   1.627885441558e-02  -9.838515450352e-02   1.418422856943e-16  -7.805581215274e-16  -4.397676342161e-16   1.750333300268e-15
  -9.149668213761e-18   1.482521016995e-18   8.566190952573e-18  -2.699102281496e-16   7.694067107228e-18  -4.192590223290e-17  -1.346145417358e-15   1.665334536938e-16   9.821795742513e-17   2.333319361518e-18   1.321547072320e-15   1.008650475725e-17  -8.185343030424e-01  -5.645845193060e-01  -1.084029793996e-16   6.600590654694e-03  -2.485680654763e-15   2.090107495259e-14  -2.505680061272e-15  -2.033173101012e-16   1.964818282033e-15  -2.599219481807e-16   6.044616880079e-18  -1.956768080902e-15   6.375108774215e-17  -1.084202172486e-15  -6.830669738794e-17  -1.022598130854e-15   9.157049494571e-17   7.135768177996e-17  -6.084399189658e-16  -4.440892098501e-16   0.000000000000e+00   8.915133971767e-17  -4.535376939812e-17   9.128373014185e-03  -1.034530841236e-01  -2.040783421477e-02  -1.470419289810e-17  -3.358938395536e-16   1.063257831991e-16   3.253673268198e-17
   3.122510939495e-17  -2.014435230019e-18  -4.687178217058e-02  -9.816464177540e-02  -2.587325144627e-11  -6.753398215283e-02   5.828670879282e-16   2.331468351713e-15   1.798097563226e-16   1.856905585090e-16   2.074378483160e-16   4.383251391101e-17   4.304943219125e-15   5.901550295936e-15   7.689012716865e-16   1.198925514947e-15  -9.233630681359e-01   1.837775107449e-01  -2.705818116679e-01   5.941234022400e-15  -1.793575325152e-16   1.680784000374e-16  -8.790637506545e-17  -2.498001805407e-16  -9.159339953158e-16   4.358492733392e-16  -1.651934255145e-16   1.151340561850e-15   6.510657902571e-16   5.433859473745e-17  -2.037337156685e-17   1.110223024625e-16   0.000000000000e+00   1.046356166132e-15   9.614940954106e-16   4.124953757112e-15  -1.057905809125e-16   1.985634145670e-15  -3.907337661105e-02   4.676896562995e-02  -2.200220296896e-15   1.424913668668e-01
   3.816397273810e-17  -1.386643151998e-17  -8.250902743635e-02   7.909677523058e-02  -4.758900574132e-11  -5.770667330377e-02   1.012211148232e-15   1.387778780782e-17   1.484126505997e-16  -9.646857370028e-17   2.574624691536e-16  -3.451809016415e-17   1.055276642910e-14   4.996274579342e-15  -1.740640711937e-15   7.240460241148e-16  -9.645441552586e-02   6.213297960526e-01   7.511550280209e-01  -1.717136113082e-14  -5.578046535684e-15  -1.193262913060e-16  -1.029169296365e-17   1.372166269498e-15  -2.254395129776e-16   4.128912923368e-16   2.368352873851e-16  -5.617608541819e-16  -9.870033250227e-17  -3.799445370614e-16  -5.336418337382e-16   1.103284130721e-15   0.000000000000e+00   7.052783647063e-16   1.976287829780e-16  -1.039006841101e-15  -3.663367278932e-16  -1.507393566809e-15  -3.518711345312e-02   1.402788768430e-01  -5.097117588749e-15  -5.569163578102e-02
   2.803353718036e-17   1.965116437630e-19   8.595692419525e-02   2.239304233185e-02  -1.334919753180e-03  -9.220778942924e-02  -2.993075215760e-16   4.529618097057e-16  -3.854099137491e-17  -5.816744655385e-17   1.156191801168e-16   2.813504637600e-17   1.915177332552e-14   3.694774818455e-16   4.929596227748e-16  -6.587529486648e-16   3.125433861346e-01   7.346787301339e-01  -5.675680518913e-01  -4.283410223892e-03  -2.030872260339e-15   1.086788714607e-16   5.312590645179e-18   3.645861254407e-16  -1.819217315642e-15   9.974643507733e-16  -1.185846126156e-18  -4.357099529216e-16  -6.580006044156e-17   9.194466871824e-16   2.122496273166e-16   6.476556342676e-16   0.000000000000e+00  -1.993847795201e-16  -2.961227183601e-18   8.050592368162e-19   3.253807117325e-16   2.243408597009e-16  -1.457760190007e-01  -4.639092159834e-02  -1.627940613235e-03  -2.474750541760e-02
   2.866214543036e-17   1.173106750629e-16   8.962224670412e-04   2.334791472813e-04   1.280324864767e-01  -9.613966532006e-04  -2.600035494480e-17   1.578655503151e-16  -5.391171083162e-18   2.168404344971e-16   2.608131209145e-16   6.938893903907e-16  -2.833572956477e-16   2.051114525978e-16  -3.148523108898e-15  -2.724898381274e-16   1.366663889273e-03   3.212542434858e-03  -2.481814671593e-03   9.795762850617e-01  -3.317233031840e-17  -9.908777419588e-17   9.020562075079e-17   7.693365290440e-17   8.087122849200e-18  -7.987299218974e-17   1.101549407245e-16  -4.533667786089e-16   2.365729140363e-16  -4.251313787112e-16   2.956336478278e-16  -1.098837779389e-15   0.000000000000e+00   9.020562075079e-16  -4.384513585531e-15   1.825022412102e-15   5.582698849219e-16  -1.455327405937e-15  -1.531374815688e-03  -4.873359109296e-04   1.549683978972e-01  -2.599721600802e-04
   5.424119836517e-18   1.488609582823e-16  -4.268339487145e-17   2.085632262575e-16  -8.673617379884e-17   8.254997567059e-17   3.900418266829e-16  -4.423744487040e-16  -1.324761464113e-15  -1.734723475977e-17   2.205196350317e-16   7.654467337748e-17   1.932960648416e-02  -1.705406188152e-02  -3.281508037393e-01   9.383230934949e-01   1.072905220995e-15  -6.343576006109e-16  -1.158292251379e-15  -8.599891632155e-16  -1.638839766295e-16   3.484530952717e-16   1.734723475977e-17  -1.066533912730e-16   2.706662066652e-16   3.051290573208e-16   6.375108774215e-17  -3.570570860161e-17   2.813504637600e-17  -1.725501613973e-16   4.540556585750e-16   6.087178141278e-17   0.000000000000e+00   1.422473250301e-15   6.489329829137e-02  -7.844927465246e-02  -1.210531157030e-02   2.627508479643e-02   8.718740878445e-17   2.894544582915e-16   3.381409735548e-15   1.220727931278e-15
   5.459178373335e-17  -1.157927920215e-16  -4.313401768863e-17   8.483971465724e-17   3.469446951954e-16   5.881076801209e-18   1.655690802590e-16  -1.300952025268e-16  -4.283208788563e-16   3.573530360512e-16   6.686837194334e-17   2.333203075189e-16   6.757409856678e-03  -5.961905429838e-03   9.386771023623e-01   3.280270462788e-01   8.444610484532e-16   4.602674136635e-16   1.727131097042e-15   3.220947814020e-15  -2.057591552652e-17   1.209135849553e-16  -4.440892098501e-16   5.979277543983e-18   1.181422373077e-16   1.938498470295e-16  -2.567390744446e-16  -1.163332648785e-16  -4.011548038196e-17  -1.952553609863e-16  -2.081891848828e-16  -4.197369205169e-16   0.000000000000e+00  -1.387778780781e-16   8.361343996494e-02   6.088533354085e-02   9.395063699937e-03  -2.039237849849e-02   3.250629508921e-16  -1.153782971930e-15   8.101158632812e-16  -1.047541748121e-15
  -1.981057862395e-18  -2.485007990763e-20  -4.979909916363e-17  -1.614462397814e-16   6.584069088068e-20  -1.436353234451e-18  -1.022422258676e-16  -7.576069048335e-17  -1.249000902703e-16   3.154191766420e-31  -9.992007221626e-16   1.021563240106e-19  -2.201144447241e-15   6.596757760516e-17  -2.624079549228e-32  -4.852260549684e-17   1.316185753610e-16  -4.232646429472e-15  -2.719606653041e-15   2.152749520522e-22  -9.989991846354e-01   2.636779683485e-15  -2.186776913831e-18  -4.472839252326e-02  -1.414819687088e-15  -5.739230345672e-15   1.082372628746e-31   6.883382752676e-15  -1.315311555521e-20   6.639654104301e-15   2.636779683485e-16  -7.633098980175e-17   0.000000000000e+00   2.971709904190e-31  -6.625199008692e-32   1.122208563541e-16   6.458055435684e-17  -2.925235041079e-16   1.259518469383e-15   2.112007469254e-17  -1.565025534149e-20  -7.160712054188e-16
  -5.569241628185e-20  -1.466155059629e-18   3.118879906027e-17   1.391579527698e-18   1.107507876190e-18   1.655445040818e-18   2.087670386428e-17   1.684607388939e-17   3.469446951954e-17  -1.287561205021e-29   2.775557561563e-16  -4.898413527880e-18   7.504013684091e-16   3.129017636369e-15  -1.694818351061e-32  -1.043594291071e-16   2.962084045448e-16   1.650831032893e-15   1.065592271463e-15   2.450922468013e-18   4.472839252326e-02   1.043609643148e-14   1.336200512767e-17  -9.989991846354e-01  -3.276678021256e-15  -4.321220492887e-15  -8.850514762934e-30   3.111400026512e-14  -1.637229463876e-18   3.737028048123e-15   1.776356839400e-15  -1.144439231853e-15   0.000000000000e+00   6.439231213262e-29   2.905265321108e-31   5.452666930879e-16  -1.237557034055e-16  -4.129516467058e-17  -2.760925605409e-16   2.613649784905e-16  -8.775274707092e-19   9.094469102304e-16
   1.215492279306e-18   4.872332388284e-18  -1.426995196110e-16   1.546201999227e-17   4.607367384213e-19  -4.817584424553e-18  -8.183556008834e-02   7.959997835288e-02  -4.323520440816e-02  -1.925495557366e-15   2.019218126037e-15  -1.500517268025e-17   9.158029994584e-17   1.353390931262e-15  -4.809118514992e-19   2.785516303853e-16  -1.423487914116e-16   5.759991132691e-16   1.018662852369e-17   1.686328369919e-18   5.271523716923e-15  -4.218847493576e-15  -1.388001781786e-17   4.979997161216e-15  -2.356967785466e-02  -9.922061371870e-01  -1.664003993020e-16   8.303810288628e-03  -9.338186750142e-17  -8.001412032943e-15   2.664535259100e-15  -1.055739129055e-15   0.000000000000e+00  -2.449507107517e-17  -3.590216558973e-19   1.008194640287e-15   1.065035001594e-15  -5.664626423831e-17  -7.387432300799e-16   5.267780313485e-16  -1.995660805539e-18  -6.150426549397e-16
   2.520770051027e-18   3.465809672275e-18   9.886104230805e-17  -3.018088853574e-16  -1.868887387315e-18  -7.165349832945e-19   8.876385346541e-02   8.208880292149e-02  -1.687913214164e-02  -7.520736508526e-16   3.649858193455e-15   1.020411866436e-17   4.324906180610e-17   7.373092239989e-17  -3.543475543502e-19  -4.443251939412e-16  -7.719648136912e-16   1.647298912964e-15  -1.653614831203e-15   9.476965462330e-18  -1.995076045602e-15   6.661338147751e-16  -2.208331944411e-17  -2.612870511741e-15   9.921506954291e-01  -2.345472200546e-02  -3.275847393940e-16   1.357848394779e-02  -2.080668853414e-16   1.548359964548e-14  -3.330669073875e-16   2.743361984176e-15   0.000000000000e+00  -4.484161154880e-17   3.797051537533e-19   5.281581028442e-17   3.464778522270e-16   4.132587223995e-16   1.172762924690e-15   4.618466935254e-17   2.051405255483e-19  -2.659122692652e-15
   1.082365514221e-02  -8.643324455533e-05   9.399102075861e-18   9.807370838140e-17  -1.151964808266e-18   1.477233140957e-17   1.607705314579e-15   5.412014538598e-15  -1.449129063034e-15   1.251633481103e-15  -1.582078459000e-01   1.263382587083e-03  -6.815565832043e-17  -1.920391280211e-16   2.270048298642e-18   1.352230283399e-16  -4.248813838174e-16  -4.339326323683e-16   8.489463464302e-16   4.833593513507e-17   6.764315070986e-15   6.621963525073e-16  -3.937009138838e-17   4.049639426513e-15  -1.576353349522e-14  -7.659524909591e-15  -1.301855758612e-16  -5.951573278076e-15   7.884283999626e-03   9.873142156601e-01   5.931186637850e-16   5.047341816526e-15   0.000000000000e+00   4.748805515487e-17  -8.658370786833e-18   5.213836541570e-17   5.989175463045e-16  -1.072030880365e-15   1.921436043261e-16   1.974192166782e-16   8.361909255294e-18  -1.362666154684e-15
  -8.643324455521e-05  -1.082365514221e-02  -1.188530140563e-17  -5.641697106131e-17   1.734723475977e-17   6.765073799232e-17   4.498785934877e-17   1.549244195581e-16   1.569697183366e-16  -1.209969624494e-16   1.263382587083e-03   1.582078459000e-01   4.285986939514e-18   4.838460073988e-17  -1.413799632921e-16   4.333003034752e-17   3.917438566999e-16  -1.096689187679e-16   3.465813247372e-16  -2.059442026636e-16  -6.224645364955e-20   1.255530178222e-15  -4.562322741819e-16   4.493202267368e-17   1.638163822420e-16   3.307295470227e-16   8.625261962991e-15   2.744100059815e-14   9.873142156601e-01  -7.884283999626e-03  -7.486589873289e-16  -2.529792315269e-16   0.000000000000e+00   2.428612866368e-16  -1.791101988946e-16   9.671400019778e-16   6.738689167442e-16   1.157850775612e-16   3.598928051301e-16   1.136702942039e-16   6.629896284749e-16  -8.773805923812e-16
   5.951492692330e-17  -6.529607583794e-17   8.519376778570e-17  -3.905903354193e-18   6.158268339718e-17   2.627877607511e-16  -3.678128789802e-03   8.703638281545e-03   2.298615588840e-02  -1.195192580119e-01  -1.238583237953e-15  -2.662800535624e-16  -3.164912581323e-16   2.383534156647e-15   1.515714637135e-16  -4.756532828416e-18  -1.127685572304e-15  -3.928970299552e-16  -4.184436466951e-16  -4.513533644057e-16  -4.729395161296e-15  -1.045303838418e-15   3.018418848200e-16  -2.746459568401e-14   1.178364191361e-02  -7.595507282190e-03   4.698995328571e-01  -8.741254971250e-01   2.010068814954e-14  -5.472272223997e-15  -1.519488034293e-15   1.542458003382e-15   0.000000000000e+00   3.446895546766e-15   2.862293735362e-17  -5.803490852374e-16  -1.885887269662e-15  -1.228990131389e-15   4.423926792648e-16  -7.164170462972e-16  -2.038300084273e-16   2.175675736511e-15
   2.701440466929e-17  -3.469446951954e-18   6.032632958468e-17  -5.215823229388e-17  -7.632783294298e-17   3.023040961005e-16  -1.768867266280e-02   4.185710107937e-02   1.105438690492e-01   2.485247096882e-02   5.976611191894e-16   3.989863994747e-16   3.202704893624e-17   1.144806908715e-15  -3.417405247674e-16   1.381198305594e-16  -3.869418504370e-16  -1.246162672165e-16  -4.791546951483e-17  -8.977193988180e-17  -2.467968499195e-15   1.363097260833e-16   2.886579864025e-15  -1.480995015036e-14   6.333662428099e-03  -4.082556093292e-03  -8.742379142268e-01  -4.698391090951e-01   2.087674651208e-14  -3.109593074635e-15  -8.527010657505e-17   9.632639745870e-16   0.000000000000e+00   9.020562075079e-16   3.356689926015e-16  -6.408173666883e-16  -8.730874018219e-16  -1.193647715399e-16   2.806912630070e-16   1.993064682678e-16   1.630640067418e-16   8.133728429236e-16
  -2.308346315956e-16   3.317658647806e-17  -1.210233873496e-16   2.123620942870e-16  -3.469446951954e-18   1.728583453555e-16   9.415039666191e-17   2.442411380142e-16   1.150122894009e-16   3.295974604356e-17   3.468072792541e-17   2.688821387764e-17   2.669329517280e-16   5.521913057450e-16  -1.127570259385e-17   3.620755396691e-16  -2.502366383683e-16   3.183516710808e-16  -7.630992789767e-17  -6.505213034913e-17  -2.261949165443e-15  -9.979528023785e-01   6.395470447748e-02  -1.061427240758e-14   7.290586777415e-16   4.299559509522e-15  -3.556183125752e-16   8.782775246069e-16   1.255560325847e-15   6.926288628087e-16   1.832891690136e-15  -7.167483717388e-17   0.000000000000e+00   6.453171330634e-16   1.305379415673e-16   4.793164101058e-16  -3.329438417564e-16   2.613066919751e-16   8.211191256689e-17   5.109671947432e-16   3.903127820948e-17   3.831036473603e-17
   2.649839432835e-16  -3.816391647149e-16  -2.798016590529e-18   1.137934141433e-17  -1.110223024625e-16  -6.837004558078e-19  -6.839308586792e-18   3.301396721346e-17   5.944281848983e-17   1.665334536938e-16   9.903240430388e-17  -3.400058012915e-16   2.661015339993e-18   4.539249458211e-17  -4.440892098501e-16   4.366696146439e-18   7.060785959895e-17   9.172723967653e-18  -1.956784877591e-17  -2.844946500602e-16  -1.481334794732e-16  -6.395470447748e-02  -9.979528023785e-01  -6.844323587591e-16   3.612530489416e-17   2.806479619814e-16  -2.373101715136e-15  -1.599198012892e-15  -4.284766985663e-16   1.844966911810e-17   2.357815661588e-17  -2.678956775509e-17   0.000000000000e+00  -9.992007221626e-16  -1.054711873394e-15   3.027495213059e-17   1.710047041024e-17  -1.432522002679e-16   1.876605404626e-16  -4.261522135884e-17  -3.747002708110e-16  -3.585687346147e-17
  -1.249482628955e-17  -4.427664589556e-20  -1.797100322630e-17  -1.862994511585e-16   6.773363845475e-21  -4.829354372465e-17   2.103864684276e-16   1.696742630972e-16   5.497197083418e-17   1.387716925761e-17  -3.083749379240e-16  -2.776225651432e-17   2.337766805226e-16   6.083843180133e-16  -4.163274221697e-17   1.444832758952e-16  -1.445403610446e-16   1.814763571105e-15   3.956311857080e-16  -5.551072208248e-16   1.232298184958e-16  -3.877404039929e-16   1.387801731546e-17   1.029153646816e-15   2.675286539729e-15   9.764772000907e-16  -9.714650997777e-17  -1.675571669320e-15  -3.053115535949e-16   5.373731391733e-15  -9.748701505231e-02  -9.952367968962e-01   0.000000000000e+00  -8.520945897121e-15  -5.134741947767e-16  -5.496305682542e-16   5.833903536910e-16   9.901533572281e-15   2.425084529887e-15   1.553372574656e-15   1.387759159273e-16  -1.041758209802e-15
  -1.087485877180e-17  -3.571071933387e-19  -6.932487160846e-17   1.893862985062e-16  -1.043657898186e-19  -7.899999855749e-17   3.500832145849e-16   1.504561218328e-16   2.196016913061e-16   8.034686488620e-19  -7.595237077032e-17   1.610206393683e-16  -1.376485122899e-16   4.803370788046e-17   4.133828090071e-17   4.473477946897e-16   2.184516146767e-17  -7.381557336621e-17  -2.764050609688e-16   5.698233130243e-17  -1.503888697996e-16  -1.542214029511e-15   8.279026572836e-17  -1.798462119851e-15  -5.430918434837e-16  -2.363405775861e-15  -4.946504090027e-16   1.758928407110e-15  -6.927946030861e-16  -1.475694367063e-16  -9.952367968962e-01   9.748701505231e-02   0.000000000000e+00  -8.696205233988e-14  -5.446590348018e-15   6.736960006484e-16   3.638597558661e-15   3.205597026459e-15  -1.287233280595e-18  -3.193548556673e-15   1.446504331315e-15   6.915321571576e-16
   1.095263578366e-17  -1.409462824231e-18  -5.573167100894e-17  -9.261304043309e-17  -4.336808689942e-19   4.237545432422e-17   2.337004025539e-16   4.804972129399e-16  -3.438974842262e-16  -1.665334536938e-16   1.926120386131e-16   7.771561172376e-16   6.005838681759e-02  -8.710558677524e-02   8.326672684689e-17  -2.820360138949e-03  -1.047155757610e-15  -7.861843199571e-16   6.651010605186e-16  -1.110223024625e-16  -4.129607297849e-17  -5.263801547417e-16   5.204170427930e-17  -4.787622991117e-16   1.970615351806e-16  -2.505558608656e-16  -3.747002708110e-16   3.572527250947e-16   1.769417945496e-16  -8.730716992521e-16  -3.240260519650e-15  -8.497937194839e-15   0.000000000000e+00  -2.775557561563e-15   2.664535259100e-15  -3.331877811785e-01   1.529406854253e-01  -9.243336528057e-01  -3.735421208966e-15  -8.008482684883e-15  -4.329869796038e-15   1.884527399283e-14
   7.642500005239e-17   4.336808689942e-19  -2.552921179264e-17  -3.193603195728e-16   1.734723475977e-18   5.179644823235e-16   5.695433869800e-17   1.177064280359e-16   1.914339014928e-16  -1.387778780781e-17   4.421834451280e-16   0.000000000000e+00   8.712397696093e-02   6.009381460213e-02   1.387778780781e-17  -7.025603032035e-04   5.287888392314e-16  -1.951398852160e-15   2.406508369291e-16  -5.551115123126e-17  -1.499292387759e-16   1.643650493488e-16   0.000000000000e+00   3.049885814534e-16   1.020526532705e-16  -7.779767476086e-16  -2.220446049250e-16   2.536323276833e-15   4.718447854657e-16   4.481732979991e-16  -4.348446009151e-15  -2.186761407755e-15   0.000000000000e+00   7.598088824778e-16  -4.996003610813e-16   8.576154009163e-02  -9.719471156448e-01  -1.917326657744e-01  -7.506159746797e-16  -3.133873612531e-15   1.054711873394e-15   1.491032532418e-15
  -3.227169719181e-18   0.000000000000e+00  -4.944434502155e-03  -1.035524187921e-02  -2.729341058716e-12  -7.124059209209e-03   1.252158294935e-16  -2.400647133875e-16  -2.252573927083e-16  -1.110223024625e-16  -3.941578824072e-17  -1.387778780781e-17  -7.884245040887e-16  -4.344189892555e-16  -3.330669073875e-16  -2.328301400614e-16   1.489043423526e-01  -2.963652145185e-02   4.363484755820e-02  -1.158795281953e-15  -8.362320764214e-16   2.775557561562e-17  -6.938893903907e-17   9.875776128292e-16   2.443150909484e-15  -5.826606903234e-16  -1.665334536938e-16   1.274898009076e-15   7.702172233337e-16   1.044282459738e-15  -5.643497352678e-16  -1.450613955106e-15   0.000000000000e+00   3.774758283726e-15   5.856426454898e-15   2.475511831706e-14   1.261181395998e-15   8.077046176766e-15  -2.489347778517e-01   2.979630397787e-01  -1.409983241274e-14   9.078062822643e-01
  -2.568452642649e-17   5.551115123126e-17  -8.703754436109e-03   8.343801032271e-03  -5.020026061509e-12  -6.087391033038e-03   9.209657232804e-18  -1.900068099036e-16   5.042711646808e-16   2.775557561563e-16  -1.943001748962e-16  -1.387778780781e-17  -1.560704937349e-15  -7.288661351830e-16   7.771561172376e-16  -1.155621862868e-16   1.555453299630e-02  -1.001975364382e-01  -1.211335489929e-01   2.796374243275e-15   8.476687220448e-16   1.838806884535e-16  -2.428612866368e-17  -2.456811544963e-16  -9.734170409121e-16   5.563596968775e-16   7.494005416220e-16  -1.453308761963e-15  -4.024558464266e-16  -6.302973465273e-16  -3.375927214795e-15   1.130601710153e-15   0.000000000000e+00   3.830269434957e-15   1.151856388049e-15  -6.155912512896e-15  -1.595506725413e-15  -1.193487104084e-14  -2.241755648070e-01   8.937106048401e-01  -3.308464613383e-14  -3.548089820686e-01
   8.419850052607e-18   0.000000000000e+00   9.067467930777e-03   2.362208689033e-03  -1.408186968699e-04  -9.726862395846e-03  -5.268651421546e-17  -3.306558458722e-17   3.623553382690e-17   8.326672684689e-17  -4.398866679475e-18   3.469446951954e-17  -3.504814244787e-15   2.169483340917e-16  -2.220446049250e-16   3.376070881098e-16  -5.040169893622e-02  -1.184765309835e-01   9.152775373377e-02   6.907557865646e-04  -3.961391253591e-16  -9.961165050036e-17  -6.938893903907e-17  -1.039455337349e-16   9.519879386364e-16   4.406761377092e-16  -5.551115123126e-17  -4.328443808546e-16   2.168404344971e-16  -2.499502315942e-17   6.155742775334e-16  -2.694733939483e-15   0.000000000000e+00  -4.128641872825e-16   5.551115123126e-17   2.399406565759e-16   7.428994499066e-16   3.215630814315e-15  -9.287326577193e-01  -2.955545377452e-01  -1.037153862963e-02  -1.576652774302e-01
   2.436697453607e-17   3.330669073875e-16   9.454117344030e-05   2.462936756169e-05   1.350595633911e-02  -1.014163012843e-04  -3.635079878433e-17  -3.075282956653e-17  -8.982149155971e-17  -2.220446049250e-16  -5.039723792645e-17  -6.106226635438e-16  -2.559142754220e-17   6.762883143788e-17   1.360023205166e-15   1.623926684009e-17  -2.203923837457e-04  -5.180643833936e-04   4.002249973682e-04  -1.579694570260e-01  -3.984508649310e-17  -1.108040576895e-17  -2.498001805407e-16   4.873362013378e-17  -6.164755805214e-17   6.335197699507e-17   4.128641872825e-16  -1.171912857284e-16  -3.805549625424e-16   5.779971987203e-17   1.544706280619e-15   4.414795017982e-17   0.000000000000e+00   6.050715484207e-15  -2.980948821119e-14   1.120372401901e-14   3.606938831046e-15  -7.894115355315e-15  -9.756322146042e-03  -3.104795828988e-03   9.872969026606e-01  -1.656271290845e-03
   2.928171382639e-17   2.220446049250e-16  -3.597655604201e-17   1.688197350198e-17  -2.220446049250e-16   1.102698481696e-16  -8.217879359037e-17  -1.277474049587e-16  -4.413505164250e-16  -2.220446049250e-16   1.029311674483e-16   2.498001805407e-16  -2.057424085625e-03   1.815217381767e-03   3.492804511482e-02  -9.987417665418e-02  -4.527021915663e-17   5.100047401278e-17  -2.363427742500e-16   1.595945597899e-16  -1.771645720290e-16  -1.842230142316e-16  -7.910339050454e-16  -5.164909133297e-16   2.931576464082e-17  -1.001587009064e-15  -1.873501354055e-16   8.222439308868e-16   7.476658181460e-16   8.480737139549e-16  -2.724777443827e-15   3.230338575432e-15   0.000000000000e+00   1.104671909502e-14   6.096759186380e-01  -7.370350228690e-01  -1.137300329363e-01   2.468557906955e-01  -2.486356573186e-15   1.733665983402e-15   2.892130979149e-14   1.265265573052e-14
   2.456081560385e-17   1.942890293094e-16   3.841050867977e-17   1.775665813805e-17  -5.551115123126e-16   7.494028281224e-17   1.500710916085e-16   7.162982423925e-17   4.534779823039e-16  -1.387778780781e-16  -8.679078195398e-17   3.226585665317e-16  -7.192519830635e-04   6.345792832159e-04  -9.991185700587e-02  -3.491487249384e-02  -6.386197327486e-17   4.853586833828e-17  -2.777007859896e-17  -3.640750895206e-16   2.486806950479e-16   2.912193397967e-16  -8.881784197001e-16   2.499692102401e-16   1.111313016459e-16   6.133123337047e-16  -6.383782391595e-16  -2.016301560741e-16  -4.857225732735e-16  -5.883829003306e-16  -4.754312152447e-15  -2.193153696212e-15   0.000000000000e+00   1.915134717478e-15   7.855526250526e-01   5.720208809765e-01   8.826711297988e-02  -1.915874585147e-01   3.938881945080e-15  -5.128940489011e-15   1.491862189340e-14  -1.616329529325e-14
  -1.298100210452e-16   2.602085213965e-16  -1.011606863223e-17  -2.647250348160e-17  -3.330669073875e-16  -5.059622053195e-17  -4.619744551567e-17   1.262789571445e-17  -1.185309031026e-16   8.326672684689e-17  -7.583567559069e-16  -6.730727086790e-16  -7.632783294298e-17   9.714451465470e-17  -4.163336342344e-16   1.085377936007e-16  -4.447538660226e-16   9.461195158989e-18   7.135944853418e-17  -1.786765180256e-16  -3.923572120736e-17  -6.209948052508e-16   5.551115123126e-16   6.575063082662e-17  -6.919589152601e-17   4.830693008150e-17   1.137978600241e-15  -3.590588025140e-15   2.931682674401e-16  -8.604409531423e-17   8.744369643202e-14  -1.135961474706e-16   0.000000000000e+00  -1.000000000000e+00   8.840150833578e-15  -6.042100151381e-15  -2.265548859626e-15   4.773959005888e-15  -1.593954770493e-15   5.075997760683e-15   6.515621375769e-15   2.767377587205e-15
   0.000000000000e+00   0.000000000000e+00   0.000000000000e+00   0.000000000000e+00   0.000000000000e+00   0.000000000000e+00   0.000000000000e+00   0.000000000000e+00   0.000000000000e+00   0.000000000000e+00   0.000000000000e+00   0.000000000000e+00   0.000000000000e+00   0.000000000000e+00   0.000000000000e+00   0.000000000000e+00   0.000000000000e+00   0.000000000000e+00   0.000000000000e+00   0.000000000000e+00   0.000000000000e+00   0.000000000000e+00   0.000000000000e+00   0.000000000000e+00   0.000000000000e+00   0.000000000000e+00   0.000000000000e+00   0.000000000000e+00   0.000000000000e+00   0.000000000000e+00   0.000000000000e+00   0.000000000000e+00   1.000000000000e+00   0.000000000000e+00   0.000000000000e+00   0.000000000000e+00   0.000000000000e+00   0.000000000000e+00   0.000000000000e+00   0.000000000000e+00   0.000000000000e+00   0.000000000000e+00
