ARMA_MAT_TXT_FN008
12 12
  -9.945435848537e-01  -2.019766886970e-05  -1.093900699732e-16   3.939629647019e-16  -3.354098005197e-16  -2.514733659150e-17  -5.090244496525e-16  -1.121473243819e-16   0.000000000000e+00   2.208504382718e-15  -1.038246374549e-01   1.017359698908e-02
  -2.019766886973e-05   9.945435848537e-01   9.714451465470e-17   2.775557561563e-17   1.006139616067e-16   3.767602549387e-18  -1.665334536938e-16  -2.575195965886e-21   0.000000000000e+00   7.039182604862e-17   1.017359698908e-02   1.038246374549e-01
   4.816675441853e-18  -7.808898659012e-17  -1.173938627232e-01   6.573435636430e-01   7.378913963895e-01  -9.815501753026e-02   5.084501823351e-17   1.526556658861e-16   0.000000000000e+00   1.170562492134e-17  -4.507137274223e-18  -6.202233015202e-17
   4.962565146600e-17   1.811140355501e-17  -1.392577039596e-02  -8.651254281902e-03  -1.264438883337e-01  -9.918382790663e-01   8.192675373501e-18   4.163336342343e-16   0.000000000000e+00   2.211431584096e-15   3.690020863144e-16  -3.810094231872e-17
   6.618915124642e-17   8.326672684689e-17  -9.826638837572e-01  -1.845867536802e-01   9.981921861783e-03   1.413446712776e-02   2.220446049250e-15   2.379455557850e-16   0.000000000000e+00  -5.464378949327e-17  -2.203098814491e-16   1.665334536938e-16
   4.573061011973e-16   5.204170427930e-17  -1.428161246954e-01   7.305835513494e-01  -6.628941027595e-01   8.014135980481e-02  -1.110223024625e-16   1.231694599586e-15   0.000000000000e+00  -2.445960101127e-16  -4.336808689942e-17  -1.387778780781e-16
  -5.551115870583e-17  -3.703070776968e-21   4.440892098501e-16  -8.881784197001e-16   6.661338147751e-16   3.053113317719e-16  -1.366924088050e-16   1.000000000000e+00   0.000000000000e+00  -1.128264169482e-13   4.440894298254e-16  -5.030546690097e-17
  -1.437898818911e-16  -7.367635445494e-18  -2.156189715408e-17   1.660035605290e-16   1.527294858520e-16   1.866560468291e-15   1.211347672373e-03   1.128148388538e-13   0.000000000000e+00   9.999992663181e-01   2.229153227834e-14  -2.573924855650e-15
   1.043218932623e-01   2.118619121582e-06   1.345149730129e-16  -2.781306797692e-17  -1.480306542357e-17  -2.784393786108e-16  -4.713428337411e-15   4.966136776544e-16   0.000000000000e+00   2.173242394382e-14  -9.898030403918e-01   9.698909120573e-02
   2.118619121409e-06  -1.043218932623e-01   8.326672684689e-17   1.457167719821e-16  -3.989863994747e-17  -2.276824562220e-18  -7.147060721024e-15   8.580167461136e-21   0.000000000000e+00   3.228754069662e-16   9.698909120573e-02   9.898030403918e-01
   8.604524880909e-18   2.498001805407e-16  -1.887379141863e-15  -4.440892098501e-16   1.665334536938e-16   7.589415207399e-18  -9.999992663181e-01  -1.617399371366e-21   0.000000000000e+00   1.211347672373e-03   4.291705879567e-15  -6.883382752676e-15
   0.000000000000e+00   0.000000000000e+00   0.000000000000e+00   0.000000000000e+00   0.000000000000e+00   0.000000000000e+00   0.000000000000e+00   0.000000000000e+00   1.000000000000e+00   0.000000000000e+00   0.000000000000e+00   0.000000000000e+00
