ARMA_MAT_TXT_FN008
20 20
  -8.215347056993e-01  -5.521861169970e-01  -1.925687053935e-17  -1.092333688779e-17   2.142383492831e-16   2.576064361826e-16  -1.661104699245e-16  -5.551115123126e-17   7.122666172144e-16   9.467253370143e-16  -1.372426966273e-01  -3.654670641603e-02   2.259477327460e-16  -6.938893903907e-18   0.000000000000e+00   2.714842239904e-16  -5.637851296925e-17   3.198419953265e-17  -3.699297812521e-16  -2.565222340101e-16
  -5.521861169970e-01   8.215347056993e-01   3.712121891342e-17   4.737963493762e-17  -6.106226635438e-16  -3.816391647149e-17   8.119893413418e-17   3.191891195797e-16   5.228564976811e-16   6.314393452556e-16   3.654670641603e-02  -1.372426966273e-01   1.640397886971e-16   1.249000902703e-16   0.000000000000e+00   3.994200803437e-16  -1.801944010671e-16   4.650778391819e-17   4.679416576447e-16   3.367531947740e-16
  -4.336808689943e-17  -7.834276079269e-17   9.836356796003e-01  -2.670071564276e-02  -3.615973940774e-03   3.839389454622e-03   6.465669260267e-16  -1.050649867064e-17  -1.035900313511e-16   2.737567601196e-16  -1.471684433770e-16  -3.108633014643e-16   1.799715657694e-16   9.869104432855e-16   0.000000000000e+00  -1.313613680143e-16   8.562363619867e-02  -1.383363022745e-01  -1.982355568396e-02   6.970503898367e-02
  -6.505213034904e-18  -1.836642046548e-18   2.720685596864e-02   9.694429959631e-01   1.205479224013e-01  -1.148397037116e-01  -5.382441152137e-16   2.041946173317e-18  -5.618757951081e-17  -2.333704472628e-16   9.672356457096e-17  -1.724775995094e-16   8.507396429978e-16   6.173146367432e-17   0.000000000000e+00  -7.793226942679e-16  -1.492024372352e-01  -9.506045179504e-02  -1.771209169534e-02  -1.041779525081e-02
  -6.576858300480e-16   8.153200337091e-16   4.562095669297e-04  -1.468157281394e-01   9.395155736167e-01  -2.530520012820e-01  -1.253727710508e-16   0.000000000000e+00  -2.840609691912e-17   1.474514954580e-17   1.630640067418e-16  -5.290906601729e-17   6.021658865984e-16  -1.554312234475e-15   0.000000000000e+00  -8.612902058225e-16  -4.537979061211e-02   4.429559028173e-02   5.143834597974e-02   1.582806914029e-01
  -4.182014313306e-16  -6.175615574477e-16   5.685559718203e-04  -7.869171437062e-02  -2.665436261596e-01  -9.439500414560e-01  -7.039882730533e-18  -1.387778780781e-16  -3.100818213309e-17  -2.211772431870e-17  -2.740863092043e-16   3.365363543395e-16   5.094666008509e-16   1.054711873394e-15   0.000000000000e+00  -9.948639134727e-16  -8.246555263070e-03   3.980683461002e-02  -1.684265728239e-01   4.123111972691e-02
  -8.529372595954e-18  -2.206986350457e-17  -4.412887707352e-16   3.314783087674e-16   9.005400506890e-17   2.824603797802e-17   9.990673769618e-01  -2.145843200553e-04   4.306521024939e-02   3.117356304667e-03  -1.083708727505e-15   5.355674305899e-16   2.135096133332e-15   1.197572805627e-17   0.000000000000e+00   5.144234188776e-17  -1.134928307310e-15   1.397828434713e-15  -1.779283212745e-16   9.189661688107e-17
   1.716552119155e-17  -9.553953291467e-18   1.501131991500e-17   1.478993943837e-16   1.296722011636e-17  -2.643169587360e-17  -4.133147694081e-02  -1.421541112687e-03   9.329528619285e-01   3.576152201097e-01   5.591818193187e-15   6.563772226933e-15   5.502361526089e-16  -2.668749655902e-17   0.000000000000e+00   5.609222351988e-16  -1.552789276669e-16  -1.287425035113e-16  -4.959118636463e-17   4.523886226447e-17
   1.178736948203e-01   7.922759365781e-02  -6.419832113830e-17  -1.967826943061e-17   2.515349040166e-16   1.864827736675e-16  -1.088352084679e-15  -2.081668171172e-16   4.434007414705e-15   7.725916260914e-15  -9.565292625719e-01  -2.547166078533e-01   1.994389896287e-16  -4.579669976579e-16   0.000000000000e+00   1.353084311262e-15  -7.146518619938e-16   4.429085146620e-16   1.474514954580e-16  -2.411265631608e-16
   7.922759365781e-02  -1.178736948203e-01  -2.222648334913e-16  -1.521135647997e-16  -1.405126015541e-16  -4.857225732735e-16   6.062380107273e-16   1.457167719821e-15   3.309201870860e-15   4.858960456211e-15   2.547166078533e-01  -9.565292625719e-01   8.857931749207e-17   1.360023205166e-15   0.000000000000e+00   2.521420572332e-15   1.761828530289e-16   3.792127005736e-16  -3.348016308635e-16  -6.741569108515e-16
  -1.471781470222e-16  -2.775557561563e-17  -2.231254189657e-16   1.423015351387e-16  -1.075528555106e-16   1.700029006457e-16   1.245291710928e-02  -6.802487917189e-02  -3.566738603371e-01   9.316658725215e-01   4.842480583189e-15   4.939625097844e-15   2.719179048594e-16  -4.718447854657e-16   0.000000000000e+00   2.785965902419e-15  -8.612902058225e-16   7.852804357847e-16  -6.284035791726e-16   1.215824316225e-15
  -1.432889461154e-17   8.326672684689e-17  -6.437450399133e-18   1.561251128379e-17   1.110223024625e-16   1.249000902703e-16  -1.005067135087e-03  -9.976825892979e-01   2.298047949403e-02  -6.403388489069e-02   2.359223927328e-16  -1.693090112553e-15  -4.336808689942e-18  -3.108624468950e-15   0.000000000000e+00  -2.428612866368e-16   1.465841337200e-16  -7.014884255078e-17  -1.665334536938e-16  -1.804112415016e-16
   2.220446049250e-16  -1.438892072129e-17   1.374160325854e-17  -8.677057340538e-17  -1.388220562129e-16   1.664379144760e-16  -1.359589524297e-15  -2.493664996717e-18  -5.637851296925e-16  -4.579669976579e-16   1.827100827492e-16   2.486571787350e-16   9.998793531592e-01   5.765522965054e-03   0.000000000000e+00   1.442351797552e-02   3.564962954761e-15   2.116321685063e-15   1.974426419262e-15  -3.116315117408e-15
  -5.261283070009e-16  -7.554391063273e-18  -9.976240453242e-17  -1.435810969255e-16  -3.280971182497e-16   3.536867210666e-16   3.312237735855e-17  -5.908028011473e-17  -4.562529608829e-16   2.692330615166e-15  -8.753379591977e-16  -2.564746799235e-15   1.414213884471e-02   4.618024385425e-02   0.000000000000e+00  -9.988330115622e-01   3.387359066760e-15   3.536472407507e-16   3.993150605462e-15  -3.305202122589e-15
   4.310118127500e-17  -4.029779641155e-17  -1.780332530885e-01   4.832699102175e-03   6.544736197660e-04  -6.949107364197e-04   1.310583582837e-15   2.953043427861e-17  -1.630257352035e-16   3.676794321239e-16  -6.101600520538e-16  -6.110273923821e-16   1.313743882604e-15   4.976642072106e-15   0.000000000000e+00  -3.027352868622e-16   4.730715308577e-01  -7.643095901501e-01  -1.095253629815e-01   3.851211063261e-01
   4.282252533850e-18  -3.695880772334e-17  -4.924308028735e-03  -1.754644466794e-01  -2.181858509532e-02   2.078542539632e-02   1.114559854945e-16  -3.556036037190e-17  -6.076055825717e-17  -2.844076602488e-16   3.505795456996e-16  -2.126491770141e-16   4.035643998745e-15  -2.479891064226e-16   0.000000000000e+00  -2.902562800955e-15  -8.243451052090e-01  -5.252100407223e-01  -9.785950124292e-02  -5.755843323481e-02
   2.136783550433e-16  -3.387047586845e-16  -8.257170309596e-05   2.657292961946e-02  -1.700477294258e-01   4.580117610932e-02  -5.542561773671e-16  -1.327063459122e-16   3.178270906005e-16  -1.106563842293e-15   2.744115698561e-16  -4.580754178751e-16   2.458035402823e-15  -5.729791641151e-15   0.000000000000e+00  -2.875304161432e-15  -2.507238417796e-01   2.447336230407e-01   2.841974267591e-01   8.745025592402e-01
   2.661069822865e-16  -3.935653886122e-17  -1.029058535851e-04   1.424281590335e-02   4.824309430750e-02   1.708503464430e-01  -5.247039782823e-16   1.344410693882e-16   2.349804920955e-16  -8.687237669676e-16   1.214306433184e-17   1.508667323014e-16   2.179578403611e-15   3.852820840144e-15   0.000000000000e+00  -4.384350955206e-15  -4.556230844426e-02   2.199331986306e-01  -9.305586655774e-01   2.278023895519e-01
   1.501720760281e-17  -9.714451465470e-17  -5.820132787174e-17  -1.301042606983e-16   8.881784197001e-16   4.440892098501e-16  -3.137272393776e-17  -2.664535259100e-15  -3.989863994747e-17   1.162264728904e-16  -8.604228440845e-16   1.332267629550e-15  -6.424876243761e-03   9.989164849088e-01   0.000000000000e+00   4.609313552744e-02  -4.173744683200e-15   4.399183799969e-15   5.717648576820e-15   2.487593464551e-15
   0.000000000000e+00   0.000000000000e+00   0.000000000000e+00   0.000000000000e+00   0.000000000000e+00   0.000000000000e+00   0.000000000000e+00   0.000000000000e+00   0.000000000000e+00   0.000000000000e+00   0.000000000000e+00   0.000000000000e+00   0.000000000000e+00   0.000000000000e+00   1.000000000000e+00   0.000000000000e+00   0.000000000000e+00   0.000000000000e+00   0.000000000000e+00   0.000000000000e+00
