ARMA_MAT_TXT_FN008
42 42
  -9.900924746182e-01   9.676155546886e-03   2.304300588277e-16  -3.811922655393e-16   1.108596721366e-17   1.859365458414e-17   7.235340051743e-16   1.282882220593e-16  -4.201632755323e-16   7.994199622259e-16  -1.311194964770e-03   1.341644205468e-01  -7.289223456133e-17  -5.158430648779e-17   7.542233047904e-17  -3.244235885607e-16  -7.098409740965e-17   2.121648126283e-17   1.349496874979e-16  -1.258786083559e-16   1.414883835094e-17  -1.773934947477e-16   2.419188884626e-16   5.416321607852e-18   3.158691715014e-16   3.436144647040e-16   2.195509399283e-18  -3.067360384565e-16  -4.026534355017e-02  -3.935150280715e-04  -4.564491146164e-17   1.416921954939e-16   2.470338783238e-16   0.000000000000e+00  -2.283512154449e-16  -3.071341466744e-18  -1.099855395238e-16   3.290286170057e-16   4.745213083556e-16   1.190589510661e-17  -7.332935056849e-17  -9.128999361273e-17
  -9.676155546886e-03  -9.900924746182e-01   3.834343504734e-16   2.458156242350e-16   7.563394355259e-16  -2.812492446321e-16   1.116591463435e-16   1.006139616067e-16   1.318325863340e-16   4.167365003669e-17   1.341644205468e-01   1.311194964770e-03  -2.784592601958e-17   2.966377143920e-16   2.520375145840e-17  -1.772478037808e-16  -1.110374087425e-16   6.678685382511e-17  -5.322849272412e-18   4.480520228347e-17   4.163336342344e-17   2.513573621238e-16   6.506902199455e-18   9.012921968399e-19   2.992109579644e-17  -1.559366846184e-17  -6.661338147751e-16  -1.080384308713e-15  -3.935150280715e-04   4.026534355017e-02   2.081668171172e-16  -2.249665548443e-16   9.104386989385e-18   0.000000000000e+00   7.412336654318e-17   1.370431546022e-16   7.365296024694e-17   5.402935966838e-17  -6.313001983466e-17   1.986258379993e-16   7.818179824518e-17  -4.082991512704e-16
  -5.074075199567e-17   7.834131146902e-17   5.753643210287e-01   2.672363623367e-01  -4.386791178609e-13   7.527729539481e-01  -1.982006274598e-16  -1.053545380874e-17   8.874926621567e-17  -2.374673808286e-15  -1.111031406316e-17  -1.078522069645e-16   1.296942569776e-16  -4.180211781669e-16   1.064695640685e-16   3.695695153104e-16  -4.382451971034e-02  -7.150294035255e-17  -1.602557945609e-01  -2.808020712676e-02  -4.982615759551e-18  -7.162333231911e-18   2.440539090265e-16  -8.326672684689e-17  -3.330669073875e-16   5.551115123126e-16  -6.511243786775e-18  -7.126530913606e-17   4.653593365100e-17  -1.971785170768e-16  -1.202377733364e-18  -6.359770628229e-17   2.130315665149e-17   0.000000000000e+00   3.901634163027e-16   9.232726492705e-17  -3.313352510308e-16  -7.628027446259e-16  -3.337498437374e-02   4.588542608113e-17  -3.681689986912e-02  -3.622787333025e-03
   4.345484663558e-16   1.133628394644e-16   6.011922311126e-01  -7.557307846186e-01   1.046454368086e-12  -1.912207569621e-01   8.689880412471e-17  -1.874252114639e-17  -3.897543831322e-16  -1.937252441797e-15   1.918015386949e-17   3.785263537116e-17  -4.847234877115e-16  -1.604722163257e-15   2.141212414954e-16   1.976894215789e-15  -3.891472258086e-03   4.543741990889e-16   3.010523064712e-02  -1.657393670249e-01   1.648035379913e-17   1.782231141935e-16  -2.355412279066e-16  -1.734723475970e-18   2.810252031082e-16  -5.377642775528e-17  -6.797947315029e-17   8.320064879330e-17   3.359737914607e-16   9.393185361720e-17  -1.620937791170e-17   2.591444940303e-16  -3.997952030062e-17   0.000000000000e+00   8.176915652097e-16   3.561249561941e-17  -3.103082752614e-16  -7.523695662431e-16   3.312783835192e-02   3.855966570536e-16  -2.757103112585e-02  -2.499765698554e-02
  -1.444167904410e-16   1.450228825917e-15   3.224660924143e-01   3.503601822716e-01   7.777284227453e-01  -3.708481600862e-01   1.033023974650e-16   1.221245327088e-15   7.035878831442e-17  -1.177991924717e-15  -9.714451465470e-17  -1.800955911753e-16  -1.429086501025e-16   3.330669073875e-16   3.397479953775e-16  -2.320058280956e-16  -1.625920986197e-01  -4.525481399482e-03   4.244362399074e-02   1.152712095622e-02  -3.053113317719e-16   1.765924458981e-17  -5.839697287513e-16  -2.378094886302e-16   2.645481102163e-16  -1.838816251576e-17  -2.567390744446e-16  -1.889524496220e-16   1.824713592357e-16   3.295974604356e-17  -7.771561172376e-16  -5.671970624105e-17  -1.801038527381e-16   0.000000000000e+00   6.146087470423e-17  -2.055647319033e-16  -1.798471292008e-16   5.017353144606e-18  -1.295945816252e-02   3.073910518239e-02   1.507383305546e-02  -3.379996597212e-02
   1.978367552579e-16   4.544975507059e-16  -4.155308821779e-01  -4.514752993985e-01   6.035436984325e-01   4.778761759445e-01  -1.789914436897e-16   9.575673587392e-16  -1.679492131082e-16   1.313398680473e-15  -2.983724378680e-16   1.870498458791e-16  -6.334172247779e-17   7.754213937616e-16  -1.021002297176e-16  -4.430781446849e-16  -4.368481741528e-03   1.684355255538e-01   1.140364126066e-03   3.097076540445e-04  -2.498001805407e-16   2.433635922077e-16   6.893557224747e-17   9.847792963600e-17   1.473176454738e-16   5.103131493212e-17  -3.400058012915e-16   1.376007793218e-16  -1.466184830349e-16  -7.806255641896e-17  -2.775557561563e-16  -1.856282734800e-16   2.169066637311e-16   0.000000000000e+00  -3.280258927166e-16  -4.388850394221e-16  -6.770058826175e-18   1.577632049310e-16   1.015910794784e-02   3.921231564912e-02  -1.181659721246e-02   2.649628546489e-02
  -9.579265026703e-17  -1.718484092776e-17  -1.428684784656e-15   4.265403601377e-17   1.846535327969e-17   4.037968537961e-17   7.823520017377e-01  -3.514047829279e-16  -3.909862111078e-01  -4.545884546694e-01   8.060465374621e-18  -5.308977379145e-15   4.118327770670e-16   4.201680971304e-17   2.229548195057e-16   2.510028558174e-16   2.247699214250e-16   9.376911100077e-18  -3.145315839701e-16   5.121756234423e-16  -2.495227496082e-19  -2.319080174531e-16   8.691879269606e-16  -2.463072707761e-15  -1.007262509044e-01   1.350239235388e-01  -4.555126323328e-18  -5.217991269037e-03  -1.159621549246e-15  -1.388414178291e-16   1.658945980793e-17   1.579279317001e-16   3.568036081336e-16   0.000000000000e+00   1.971715734533e-16  -3.272170900449e-19   5.733828877852e-17  -5.903097049639e-16   1.034111763424e-16   1.184388210098e-18  -6.923891240850e-16   5.250456903007e-17
   8.282965852021e-17   4.092280278916e-18  -2.443335378032e-15  -2.898655883812e-17  -4.363072156785e-17  -3.060098446393e-16  -3.499748733319e-01   2.640793421956e-16   3.090343557842e-01  -8.681076488543e-01   2.412204526955e-18   8.740066850311e-15   6.626402627807e-16  -3.915387184019e-17   1.410739843359e-15   1.580386955478e-16   6.313211611084e-16   9.489111988119e-18   6.735344206478e-16   8.213429671943e-16   1.702174493209e-20   9.047853340752e-16  -9.082315012099e-16   3.519619352126e-16  -1.345684442834e-01  -1.008267059508e-01   2.197191396748e-18  -1.139184586591e-02  -7.931782107934e-16  -2.963573469003e-16  -1.228262154384e-17  -1.777155607434e-16  -9.607865934820e-17   0.000000000000e+00  -4.680196677793e-16   1.951466546935e-18   1.206242838527e-15  -9.165828252518e-17   1.687740163907e-16  -2.343663897954e-18  -1.085893012791e-15  -2.144611378172e-17
   1.397009409792e-01  -1.365294727123e-03   2.209454554166e-16   9.292946119364e-17   3.697129408176e-17  -1.090161222970e-16   5.121374058002e-15   1.002887009549e-15  -8.094547209611e-15   4.658906647202e-15  -9.448525462836e-03   9.667943958021e-01  -3.779042370147e-16  -5.221111086876e-16   1.678503100981e-16  -1.592712318908e-15   1.705193666552e-16   7.958043946044e-17   1.468910253527e-16  -2.829597081907e-17  -2.059984127722e-18   1.171391832975e-15   2.148876207731e-16  -4.912662133876e-16   1.661484722077e-15  -2.102392480067e-16   2.832478175618e-17  -1.698760741327e-15  -2.137679584645e-01  -2.089163949915e-03  -1.190453985389e-16  -5.142739547801e-17   6.374472225665e-16   0.000000000000e+00  -4.623872572074e-16   1.321371397717e-18  -5.506037610632e-16   1.090220406000e-16  -3.386555641114e-16   1.626303258728e-17  -2.677244240236e-16  -2.804723145875e-17
   1.365294727123e-03   1.397009409792e-01  -1.134592095099e-16  -1.102140155234e-16  -1.734723475977e-16   1.057004408338e-16   1.282074277252e-15  -7.563394355259e-16   1.947628720922e-15   3.360428011360e-16   9.667943958021e-01   9.448525462836e-03  -1.981416065278e-16   8.161873954471e-16   1.278672818043e-16  -1.982057792312e-18  -7.545536675637e-17   7.320533068622e-16  -2.568383377312e-16   1.660642942702e-16   1.665334536938e-16   1.284468046459e-16   1.067376416242e-17   3.445800875483e-17   1.718771183021e-16  -9.772767138057e-17  -3.941291737419e-15  -5.771199664571e-15  -2.089163949915e-03   2.137679584645e-01  -3.608224830032e-16  -1.683048830641e-16   4.282272514515e-17   0.000000000000e+00   3.275172608331e-16  -1.262011328773e-16   2.642393902974e-16  -1.572481458177e-16  -6.072777796176e-16   2.931682674401e-16  -3.420721083973e-17   2.532062819272e-16
  -7.388228524929e-17   4.406197628981e-16  -3.563182208109e-17   1.769429363572e-16  -2.081668171172e-15  -1.073578257223e-16  -1.368858292984e-01   9.459342294954e-01  -2.391031046168e-01  -2.993231676501e-02   1.353084311262e-15  -2.221038575117e-15  -3.268412942909e-17   2.428612866368e-17   1.040045193490e-16  -2.758868553232e-16   1.625578108431e-16   3.330669073875e-16   8.377190243798e-17  -2.866928194458e-17   3.330669073875e-16   6.414569804830e-16  -5.839682652475e-16   8.915476288411e-16   1.167050724055e-02   2.517411915247e-03  -5.115378038147e-02  -1.601412427598e-01   7.872977768779e-16  -5.516420653606e-15   1.165734175856e-15   3.182213582447e-16   2.785416909039e-16   0.000000000000e+00  -2.022839470977e-16  -4.666406150378e-16   5.484466745250e-17  -1.359393308318e-16  -5.738303104653e-17  -1.006139616067e-16   1.005074088261e-16   3.388788475098e-17
   1.993882133536e-16  -1.908195823574e-17   3.485443146641e-16  -1.810643540614e-16  -5.967448757360e-16   6.051213706532e-17   4.672266453967e-01   2.771352891406e-01   8.161205732300e-01   1.021667182260e-01  -2.400857290752e-15   3.701301020786e-15  -4.860085913494e-18   3.035766082959e-17  -1.394383203175e-16   5.745924464339e-16  -6.435839258301e-17   1.960237527854e-16  -6.545434917470e-16  -3.073156765996e-16   2.081668171172e-16  -1.721468680657e-16   2.434296521460e-16  -7.482611126867e-16  -3.717583167341e-03  -8.019092888163e-04  -1.605856647856e-01   5.101221191246e-02   8.453042701008e-17  -1.185683495830e-15   4.440892098501e-16  -4.135582856277e-16   1.060338352364e-16   0.000000000000e+00   2.694495211729e-16  -2.467644144577e-16  -7.685737944032e-16  -2.446123763015e-16   8.520460620419e-17  -2.099015405932e-16   3.877475356779e-16  -6.718481486597e-17
   2.551464475094e-17   2.247601262479e-17   3.937520623074e-16   7.875809674684e-19   3.250216986742e-18   2.929384727069e-17   6.591949208712e-17  -2.379257838006e-17   8.187245767344e-17  -5.681219383824e-16  -9.564199025785e-17  -3.715813793439e-16  -9.752378925166e-01  -2.463424347383e-15   1.080062041131e-01   1.242865350146e-01   1.606768184070e-15   7.222171390871e-16  -1.462202737248e-15   4.910450496482e-15   3.242041358500e-17   1.313897441894e-16  -1.047772979490e-15  -4.413583756281e-16  -3.330669073875e-16  -3.816391647149e-16  -1.371753675025e-16   5.916554442419e-17  -2.606016599956e-16   2.992049677813e-17  -9.984279306035e-16   6.097005369554e-16  -4.024558464266e-16   0.000000000000e+00   1.271859386174e-02   4.823197080050e-16  -7.678270818017e-02   1.254640314259e-01   9.852077481766e-16  -4.649637374257e-17  -1.146192646687e-15   3.759546464291e-16
  -1.897936169663e-18  -1.988766833254e-17   2.861243262514e-16   4.324585372990e-17  -6.988765154785e-18  -1.559584855462e-17  -4.163336342344e-17   2.521829165787e-17  -3.249251717139e-17  -1.087671619437e-15   8.875905526452e-18   8.499115718248e-17  -1.155605675772e-01   1.816236891483e-15  -9.807541917432e-01  -5.448302958203e-02  -1.412265498556e-15   7.373658420322e-18  -3.732946404330e-16  -9.122756282973e-16   4.490534403992e-17  -5.245363932814e-17  -4.198030811864e-16  -3.757726145222e-16   2.432949675057e-16   2.775557561563e-17  -1.124200701506e-16   1.833940017991e-17   1.006031975724e-16   5.119149045333e-16   1.687426533356e-15  -1.195585516401e-15   9.025499586558e-32   0.000000000000e+00  -1.011966465792e-01   1.254026164999e-15   8.682642219906e-02   6.339543529452e-02  -3.224821561222e-16  -1.338370660731e-16  -1.419607762720e-16  -9.641820588809e-16
   3.274292132332e-17   5.834495643008e-18  -1.024521930383e-01  -4.758541741346e-02   7.811788159694e-14  -1.340424443663e-01  -1.110223024625e-15  -7.144768612886e-17   1.582575266507e-17  -4.302114220422e-16  -7.072231312274e-17   3.860991036604e-16   4.205868368382e-16  -2.542458460206e-15   4.633332821298e-16   1.784450387856e-15  -2.500167905886e-01  -4.368850322901e-16  -9.142516493999e-01  -1.601962397146e-01  -3.902023283133e-17   1.957201694413e-16   1.784163095042e-15   1.501787297900e-16  -5.545694112263e-16   3.081085733769e-15  -2.542552903189e-18  -4.329786150835e-17   1.874455328458e-16  -8.445135783068e-16   2.697659193663e-17  -7.721103760586e-17  -1.526556658860e-16   0.000000000000e+00   1.896224963791e-16   4.155743292058e-16  -1.898863778063e-15  -9.406784041030e-16  -1.424818158475e-01   1.929115066152e-16  -1.571757663909e-01  -1.546611413682e-02
   4.141649343329e-17   2.119006505934e-17  -1.070512373880e-01   1.345691302030e-01  -1.863151648221e-13   3.404970588056e-02   1.682681771698e-16  -3.416948004192e-16   1.873038706858e-16  -5.453536927602e-16   1.660552277885e-16   2.344933019250e-16  -3.662656018897e-15  -9.081047450711e-15   5.116951108173e-16   1.125861376377e-14  -2.220066326024e-02   2.495345737494e-15   1.717489021231e-01  -9.455351682490e-01   9.959157728348e-17   4.204086923105e-16  -8.592912080670e-16   3.712947053634e-16   4.866238163294e-16  -9.644859238524e-16  -3.226956504015e-16  -1.066029810890e-15   2.911445366741e-16   4.606841028264e-16   7.586834985416e-17   7.154055335156e-16  -2.480654570647e-16   0.000000000000e+00   2.136471267275e-15   1.562980672159e-16   1.956744819169e-16  -1.934318255652e-15   1.414267198039e-01   1.637115033461e-15  -1.177040425130e-01  -1.067179993060e-01
   3.825623018974e-17  -3.295974604356e-17  -5.741989404079e-02  -6.238685249517e-02  -1.384861375415e-01   6.603504231388e-02   1.876142536066e-17  -6.938893903907e-18   6.909548841742e-18  -5.005989981523e-16  -1.266348137463e-16   5.604505820026e-17  -1.376242148336e-15   1.431580548550e-15   1.444753607230e-15  -1.304959531363e-15  -9.275801524043e-01  -2.581765511282e-02   2.421388465008e-01   6.576167417803e-02  -1.665334536938e-16  -1.326814946873e-16  -2.986899311330e-15  -8.546415247460e-16   2.164372380471e-15   2.123331478453e-16  -2.255140518770e-17   1.448962512648e-16   2.585336754266e-16   5.421010862428e-18  -1.665334536938e-16   5.735992898784e-16  -1.909472443372e-16   0.000000000000e+00   6.585087744070e-16  -1.091357906824e-15  -2.014280403733e-15   9.090656152374e-16  -5.532548302398e-02   1.312289310721e-01   6.435200332899e-02  -1.442961133214e-01
  -3.002905278470e-17   8.326672684689e-17   7.399146696850e-02   8.039190619829e-02  -1.074699511924e-01  -8.509297576659e-02  -4.276944068506e-17  -1.033895191682e-15  -1.089738742149e-16  -2.592348434676e-16  -7.389922007661e-16  -1.656752075650e-16   3.620805813708e-16   4.728856195513e-15   2.309786024942e-17  -1.733791017591e-15  -2.492197956716e-02   9.609166238076e-01   6.505722841594e-03   1.766867365500e-03   2.636779683485e-16   9.878307942843e-17  -4.484914674803e-17  -1.001380581919e-16   3.257505897198e-17  -1.161935033181e-16  -1.068589661202e-15  -1.317460437835e-16   9.863349277052e-17  -2.511012231476e-16   7.771561172376e-16  -1.068447784088e-15   2.117266194456e-16   0.000000000000e+00  -7.601740695540e-16  -2.418638206381e-15   7.041348380053e-16  -1.208706287382e-15   4.337045170090e-02   1.674020839892e-01  -5.044647239729e-02   1.131158242345e-01
  -4.787830475070e-17  -1.491862189340e-16   8.928299819303e-17   2.786823040423e-17   7.979727989493e-17  -4.258619892455e-17   9.129067039758e-17   4.857225732735e-17  -1.423625044689e-16   2.827213129091e-17   7.294512216482e-16  -7.351774955076e-16  -3.670489337528e-02  -9.393683637323e-01   2.135550783778e-02  -3.065700576039e-01  -1.940887582091e-16   3.969047313035e-15   9.450359878650e-16   5.751530501454e-15  -9.020562075079e-17  -5.701196634644e-16  -1.293430461816e-16   1.571631255068e-16   2.670588064508e-16   5.024219045452e-16   2.775557561563e-16   1.825788314415e-16   1.052551730660e-16  -2.159730727591e-16   9.020562075079e-16   3.355929146306e-16   1.571500325047e-16   0.000000000000e+00   6.955567605072e-02   1.120016448385e-01   5.958906837940e-02   2.941687439572e-02  -7.925250919973e-16   1.466275018069e-15  -1.532024732608e-17   3.863798569880e-16
   5.459375260777e-17   3.979021973022e-17  -1.247140481151e-16   7.149004484125e-17   1.188285581044e-16  -1.926631221792e-18  -1.369750289470e-16   1.214306433184e-16   4.126150325863e-16   2.574510994563e-16   3.478120569333e-16   8.485626463520e-16   1.114046181107e-01  -3.094971843684e-01  -6.481703054969e-02   9.304841139941e-01  -1.016635236076e-15   3.020370412110e-15   3.461154369048e-16   1.381893183134e-14   1.717376241217e-16   1.219202439977e-15   9.979791435452e-17  -1.205021336346e-16   2.186573225988e-16  -1.135550199212e-15   1.647987302178e-17   5.347976546458e-16  -1.165875149517e-15  -4.092863201133e-17   8.552186736566e-16   5.848323335307e-16   8.459237852086e-16   0.000000000000e+00   8.098181343597e-02  -9.619876111682e-02   6.937795867019e-02   3.424928013706e-02  -1.423562765842e-15  -2.795073200668e-16  -1.610016378687e-16  -5.668272334946e-17
  -5.057763513512e-19   1.169567123602e-18   2.963116336112e-16  -6.510678558341e-18  -8.943639579201e-19  -6.184376262054e-17  -6.515716814416e-17   6.721495505911e-32  -4.163336342344e-17  -7.572573305586e-17   4.202011535942e-18   5.551115123126e-17  -8.111112428806e-16   2.013078274371e-31  -1.662549176663e-16  -1.938270291504e-16  -2.213428448941e-15  -6.631822413126e-20   2.741317934046e-15  -4.435710491258e-16  -5.177190075348e-18  -9.714451465470e-17   9.747239717969e-01   2.234125753051e-01  -2.539907204414e-15  -3.084518453614e-15  -1.104520823106e-31  -2.775557561563e-15   2.182282132779e-15  -1.710589501704e-18   4.848336042000e-30   9.714451465470e-17  -5.994565335994e-16   0.000000000000e+00  -1.594713022706e-16  -1.372465826619e-31   9.990910952781e-16   1.298385538613e-15  -5.015713068235e-16  -1.568145397682e-19   8.615137601926e-16   1.322518285984e-18
   6.725721540124e-19   2.043986054153e-18  -3.981168033811e-17  -1.704727669114e-18   2.230658488161e-18   1.662763681609e-17  -2.009005330645e-16  -2.161278583591e-30  -3.330669073875e-16  -1.604282333633e-16   7.461470882272e-18  -1.443289932013e-15   4.428360586358e-16  -8.770660892615e-30   3.880676194760e-16   1.399946857346e-16   4.511203227763e-16  -7.013446522013e-18  -1.429776938339e-17  -4.996985681732e-16  -9.931339279783e-18  -2.046973701653e-16   2.234125753051e-01  -9.747239717969e-01   8.638209016779e-15  -1.402467302904e-14  -2.904302356136e-31  -4.551914400963e-15  -2.329733628237e-15  -3.017379206848e-18  -3.122317625841e-30  -1.136243876765e-16  -3.739840950511e-17   0.000000000000e+00  -2.771795784729e-16   3.524331427607e-31  -1.002203029393e-15   8.159584189458e-16  -4.492947405278e-16   2.177595985873e-18  -3.222513209146e-16  -2.032489255391e-18
   1.626112682889e-17   2.239198338835e-18   6.630057763498e-17  -7.994626968559e-19  -3.421424187290e-18  -4.816953936146e-17  -1.337681588679e-01   6.386935123130e-17   6.685162878913e-02   7.772647157371e-02   1.422185215162e-19   8.326672684689e-16  -2.306475181214e-16  -2.846352604119e-18  -9.125028596333e-16   1.110473074993e-15  -5.298595409889e-16   2.989891020612e-18   3.197999246221e-15  -3.356699873521e-16  -3.221231037990e-19  -3.663735981263e-15   4.345659247081e-15  -1.539872496623e-14  -5.891041985592e-01   7.896964251965e-01  -1.624694959393e-17  -3.051777006525e-02  -6.041174505089e-15  -7.958332372525e-16  -1.157027342508e-18   1.665334536938e-16   2.637883136760e-15   0.000000000000e+00   1.593285595702e-15   2.036986287710e-18  -3.066194103617e-15  -1.846832553822e-15   4.974931141661e-16   2.769861682038e-18  -2.786803372005e-15  -3.339878076846e-17
  -1.165549095862e-17   3.335991579221e-18   2.894410536703e-16   9.289388059269e-18   6.570719972815e-19   4.448099959724e-17   5.983942566983e-02  -4.659330193205e-17  -5.283933153920e-02   1.484308362839e-01   2.314294814731e-18  -1.221245327088e-15   8.913539003046e-17   3.691315758377e-18   1.603404327693e-18  -4.979453372578e-16  -2.239280975978e-15  -9.693126386422e-18  -5.415681523101e-16   4.365596338995e-16  -7.993083506112e-19   6.328271240363e-15  -3.922745007984e-15   5.439281541809e-16  -7.870325243828e-01  -5.896917165999e-01   1.224760531299e-17  -6.662597057558e-02  -5.235612290933e-15  -1.750892060906e-15   5.766709397993e-18  -1.887379141863e-15   2.750263921942e-16   0.000000000000e+00  -3.460328339923e-15   3.011053152097e-18   4.114135392808e-15   4.145928576844e-16  -6.103310206395e-16   1.683333078972e-18  -1.491603927868e-15   5.749701634599e-17
   1.024874362293e-02  -1.001607829550e-04   1.525384043645e-16  -3.574360029106e-17  -3.659182332139e-18  -1.031627351226e-16  -1.148364362094e-15  -2.288750786117e-16   1.883994215745e-15  -1.064227238626e-15   2.123541328461e-03  -2.172855292273e-01   2.533267422679e-17   1.116152255256e-16   2.128479851705e-16  -5.392780037655e-16  -3.275356320788e-16  -1.826203034280e-17   7.599448877041e-17  -2.467916328547e-16   5.041540102058e-18   2.063668396007e-15   1.274399897485e-15   2.666166207623e-15   8.108896419495e-15  -1.745462712746e-15   7.093392713486e-17  -4.355143684907e-15  -9.760053579511e-01  -9.538544613523e-03   6.326319676453e-17  -1.682463193813e-15   3.361734705331e-15   0.000000000000e+00  -1.008943738017e-15  -2.810455318990e-17   6.731109631726e-18  -1.374011228292e-15  -5.105073778550e-16   2.911760459481e-17  -5.932117237060e-16  -2.202819289011e-17
   1.001607829551e-04   1.024874362293e-02  -2.629904348444e-17   1.311988745828e-17   1.283695372223e-16   3.145321830307e-17  -2.900358021828e-16   3.157196726278e-16  -5.418251591735e-16  -9.340859201243e-17  -2.172855292273e-01  -2.123541328461e-03  -5.508143742898e-17  -4.896257010945e-16  -5.255686818839e-18   7.422440937733e-17  -4.379349391661e-17  -1.131907068075e-16  -3.875346535274e-16  -1.745636202460e-17   3.053113317719e-16   1.333232887466e-15   1.405768915910e-16  -2.617624734624e-16   2.766499944836e-16  -3.687105127787e-16  -1.568363494631e-14  -2.715132061304e-14  -9.538544613523e-03   9.760053579511e-01  -5.898059818321e-16  -2.178781965083e-15   2.151957388374e-16   0.000000000000e+00   2.451034861865e-15   1.032377308641e-15  -9.475144443544e-16  -1.309690812429e-16  -3.385523467838e-15   1.561251128379e-16  -6.978334116164e-16   1.245442064603e-15
   2.073705584547e-17  -2.753873518113e-17  -1.492447722923e-17   8.353860152952e-18   2.654126918245e-16   5.581186380708e-17   2.340502142217e-02  -1.617377855602e-01   4.088234198052e-02   5.117889256258e-03  -3.534499082303e-16  -2.142392092367e-16  -1.448307909477e-17   3.664603343001e-17   1.770241575299e-16   4.563724898755e-16   4.660634390370e-17  -3.846749307979e-16  -2.125156157717e-16   1.511877301335e-15  -3.053113317719e-16   4.190140033168e-15  -3.269064440633e-15   4.124667707879e-15   6.825574021661e-02   1.472325154028e-02  -2.991762973835e-01  -9.365967424103e-01   5.292726626149e-15  -3.075751459081e-14   3.920475055708e-16   6.381634240368e-16   2.027453492290e-15   0.000000000000e+00   3.098638268278e-16  -1.053844511656e-16   1.475977148867e-15   1.707557460013e-16  -1.349125086001e-16   3.014082039510e-17  -4.146129098144e-17   8.498996683865e-16
  -3.242403978723e-17  -1.231653667944e-16  -7.078334610221e-17  -2.995913663153e-18   4.857225732735e-17  -3.002926428207e-18  -7.988737549071e-02  -4.738516333224e-02  -1.395419788697e-01  -1.746867620242e-02  -3.330669073875e-16  -4.254200015345e-16   4.637233286048e-17  -4.440892098501e-16   5.959480040694e-17  -3.615457507484e-16  -2.334315017711e-17  -9.558326352632e-16   1.973584912656e-16  -2.255642393152e-16  -2.498001805407e-16  -1.053355637921e-15   9.877948527750e-16  -1.100340076655e-15  -2.174253317988e-02  -4.690019976554e-03  -9.391959742790e-01   2.983483247475e-01  -1.651434674740e-15  -6.962746351702e-15  -5.551115123126e-17   4.843708216198e-16  -7.222704007137e-16   0.000000000000e+00   2.664455394723e-17  -6.552917930502e-16  -3.597038944464e-16  -1.052909642587e-15  -6.374902539607e-17  -6.314393452556e-16   1.669526644301e-16   4.673829178521e-17
   3.637114600962e-16  -3.139849491518e-16   3.776856238595e-18  -2.883338316788e-16  -2.775557561563e-17   3.106292079811e-17   3.383496214014e-16  -9.714451465470e-17   3.239010442745e-17  -6.408946845476e-18   1.838806884535e-16   4.508950228134e-16   1.517055051188e-17   3.729655473350e-17  -7.496812339019e-17   1.317990611922e-15  -6.775358416833e-17  -1.734723475977e-17  -6.513541872262e-17  -4.748788952077e-16   1.908265183959e-01  -9.816237771554e-01  -1.359099900210e-16   3.448718350434e-16  -2.616338678705e-15  -6.861015658239e-15  -3.330669073875e-16  -4.615166436456e-15  -2.308817723276e-15   1.536964999715e-15  -6.383782391595e-16   2.110513385976e-16   1.567446076497e-16   0.000000000000e+00   3.342301499336e-16   6.548581121812e-17   1.303411598878e-16   1.838103930929e-16  -3.751619867054e-16  -1.734723475977e-18   1.406848536861e-16   5.170977444324e-16
  -5.328296240751e-17   9.714451465470e-17  -2.818041332404e-17   1.570637650914e-17   1.110223024625e-16   6.473945866363e-18  -1.136347082595e-16  -4.440892098501e-16  -8.424371608934e-17  -5.758139015820e-18  -1.387778780781e-16  -9.237235907405e-17  -1.317797380901e-17  -1.873501354055e-16   6.487607328598e-17  -4.617562116825e-16  -1.353071542345e-16  -2.359223927328e-16   1.284821530905e-19   1.879884154733e-16   9.816237771554e-01   1.908265183959e-01   2.855213391642e-17  -5.785004034834e-17   5.317372839822e-16   1.335730865836e-15  -3.608224830032e-16   7.170241299689e-16   4.590316661863e-16  -5.846018114042e-16  -2.775557561563e-15  -8.174125281593e-18  -3.398526981851e-17   0.000000000000e+00  -1.443209379767e-16   6.938893903907e-18  -2.599080110529e-16  -2.186713721186e-16  -1.053236859059e-16   3.538835890993e-16   3.541937354349e-17  -2.635795861090e-16
  -3.209156144622e-18  -1.016567730086e-17  -4.188965734590e-17   6.212141577839e-17   8.809188727490e-18   1.132271698026e-16   5.617740411266e-17   3.472382095052e-18   8.690413202446e-17   1.473252915735e-16   5.385206073834e-20  -4.749897180651e-17   3.500942122678e-16  -1.110443085577e-16  -2.160572377266e-16   4.741374072101e-16  -3.537798370874e-16  -7.149950499147e-21  -2.338389049013e-16  -1.399080789550e-16  -6.935944461556e-18  -2.198496672119e-16  -5.049910865810e-16  -4.075934246784e-17  -1.617279022213e-15   2.124212604299e-15   2.773450779909e-17  -2.186420710435e-15  -2.944123654339e-15   2.776622255578e-17   6.438982465524e-15  -6.780302636474e-02  -9.976987268789e-01   0.000000000000e+00   3.700892413239e-15  -2.774858304075e-16   1.153597981541e-15  -1.117571925197e-15   4.954156975989e-17   2.774832529498e-17   4.743664344178e-16   2.170989857181e-15
  -6.158425740660e-17  -1.549760623861e-16  -5.945586513889e-17   1.174990438328e-17   1.295590325079e-16   3.240612618877e-17  -1.913612264258e-16   1.247355210270e-16  -4.496298959852e-16  -2.208081024808e-16   4.957002409763e-16   1.757406862551e-16  -9.844520585244e-17  -1.388170097105e-15   1.448870374006e-16  -5.789090698318e-16  -3.829906555979e-17  -6.669596899997e-16   1.737161038002e-17  -9.130171108189e-17   1.012971880468e-17  -2.901342476266e-16   7.943091302532e-17   1.107478343623e-16   1.216635081127e-15   7.956102328846e-16  -4.709444113388e-16  -2.308617220626e-16   1.838755325293e-15  -2.096106143660e-15   9.480448125388e-14  -9.976987268789e-01   6.780302636475e-02   0.000000000000e+00   2.247342333241e-15  -6.558630162666e-15  -8.801601193115e-15  -1.891754316900e-15   3.983156106636e-16   4.171648383970e-16   7.511335790189e-16  -4.038925694422e-15
   1.150516007885e-17   6.461844948014e-17   4.013749872069e-16   2.867362390542e-17  -1.561251128379e-17   2.504216768226e-17  -3.257258886230e-17  -8.326672684689e-17  -2.007699550134e-16  -5.319083929706e-16   3.330669073875e-16  -2.498666575826e-16   1.455829192838e-01  -2.359223927328e-16  -1.612310044165e-02  -1.855341833407e-02   3.851615878333e-16   3.330669073875e-16   3.446437184050e-16  -6.124323213235e-16   9.714451465470e-17  -2.515349040166e-17  -6.607005818908e-16   9.716393482033e-16  -1.342121619748e-15  -1.699096103090e-15  -6.661338147751e-16  -8.448791429995e-16  -1.046525379145e-15  -1.526556658860e-16  -6.550315845288e-15   2.998090701618e-15  -1.492681044670e-15   0.000000000000e+00   8.519993097071e-02   3.219646771413e-15  -5.143557147755e-01   8.404645146307e-01   6.640710945388e-15  -3.330669073875e-16  -7.656787978514e-15   2.711639651693e-15
  -9.227081704695e-18  -7.502679033600e-17   5.026099129719e-16  -6.672166708040e-17   1.387778780781e-17   9.834387027228e-17   3.619123113229e-17   1.110223024625e-16   2.182544050648e-16   7.801373383593e-16  -2.775557561563e-16   1.390574661994e-16   1.725081122369e-02   5.828670879282e-16   1.464063890764e-01   8.133193509855e-03  -5.767385156716e-16  -6.245004513517e-17   6.455411118500e-16  -3.372577229657e-16   1.665334536938e-16  -4.163336342344e-17  -7.279465862974e-16  -3.781457239123e-17   1.854743518121e-15   5.725229905392e-15  -3.330669073875e-16   1.100106412010e-15   2.534500975067e-16   2.331468351713e-15   1.099120794379e-14  -7.488344700927e-15  -1.665736242667e-15   0.000000000000e+00  -6.779009847109e-01   8.354428260304e-15   5.816370314369e-01   4.246764044569e-01  -1.291319651885e-15  -9.159339953158e-16  -9.956409552338e-15  -6.814258367387e-15
  -3.895411859514e-17   2.081668171172e-17  -7.045166049995e-03  -3.272230269497e-03   5.363764987720e-15  -9.217482323247e-03  -1.610796837486e-16   1.110223024625e-16   3.462922088566e-16   4.642177873007e-16   1.942890293094e-16  -2.444344408248e-16  -1.071814975850e-16   8.881784197001e-16  -7.551077233316e-16  -3.389289885709e-16   5.673442780437e-02   2.220446049250e-16   2.074642430046e-01   3.635212649207e-02  -6.938893903907e-17  -1.942890293094e-16  -5.554098579510e-17   4.736116656416e-16   2.519619637016e-15  -1.097960768151e-15  -2.775557561563e-17   6.223064887674e-17   7.178402011668e-16  -1.922073611382e-15  -3.330669073875e-16  -6.331540243680e-16  -2.369491149720e-16   0.000000000000e+00   2.367651116241e-15   1.831867990632e-15  -7.434210317738e-15  -5.593408322979e-15  -6.536681590202e-01   8.881784197001e-16  -7.210800427284e-01  -7.095436210491e-02
   2.579337995274e-17   1.387778780781e-16  -7.361421174991e-03   9.253700085558e-03  -1.282307593442e-14   2.341441649692e-03   2.063999487748e-16   2.775557561563e-17  -1.628348236782e-16   5.185335948152e-16  -1.249000902703e-16   7.649352200790e-17   8.366393602045e-16   2.053912595557e-15  -4.858581863435e-16  -2.499536741072e-15   5.037829355309e-03  -1.110223024625e-16  -3.897368518747e-02   2.145631763900e-01   1.942890293094e-16  -4.163336342344e-16   1.095007014088e-15   2.636183638639e-16   9.513855193172e-16  -9.727086628446e-16  -2.775557561563e-16   4.240294336588e-17  -8.669313362806e-17   1.887379141863e-15  -2.442490654175e-15   1.592667343665e-15  -9.860925322822e-16   0.000000000000e+00   9.242880357993e-15   8.187894806611e-16   3.401067921019e-15  -7.377589970737e-15   6.488276628185e-01   7.771561172376e-15  -5.399944148738e-01  -4.895934103992e-01
   4.956730266469e-17   5.551115123126e-16  -3.948501989991e-03  -4.290056875609e-03  -9.523054662557e-03   4.540926108297e-03  -1.020770909140e-16   1.110223024625e-16   2.363897438928e-17   4.964629199701e-17  -3.330669073875e-16   8.701423849393e-17   3.184261291804e-16  -5.134781488891e-16   1.370336789248e-16   3.893110097400e-16   2.104887798354e-01   5.858606082529e-03  -5.494674526895e-02  -1.492280157331e-02  -3.608224830032e-16  -2.526865199386e-16   4.038531867970e-16   1.922975232431e-17  -1.255090839053e-15   5.858532677359e-16  -4.024558464266e-16  -5.755869556800e-16   3.496241224043e-17   7.459310946700e-17  -9.575673587392e-16   2.821111205798e-15  -1.429721575991e-15   0.000000000000e+00  -3.103087393187e-15  -4.926614671774e-15  -7.749817981721e-15   2.758845554311e-15  -2.538184007557e-01   6.020429573687e-01   2.952296424292e-01  -6.619916667085e-01
  -4.766201454641e-18   1.110223024625e-16   5.088052833394e-03   5.528181598133e-03  -7.390214197298e-03  -5.851452528106e-03   1.425930569666e-16   5.828670879282e-16   1.062532139722e-16   7.932885033350e-17  -4.163336342344e-17  -6.367380502098e-17  -9.708833410797e-17  -1.068589661202e-15  -3.836528404648e-16   2.570352699262e-16   5.655357174877e-03  -2.180535742863e-01  -1.476294700059e-03  -4.009419077491e-04  -1.665334536938e-16   1.972440224174e-16   2.342293928303e-16   9.782936888494e-17   4.954416614456e-16  -4.532875917494e-16  -2.151057110211e-16   7.212959112030e-16  -4.698313815080e-17  -3.157196726278e-16  -1.110223024625e-16  -1.711602123310e-15   1.104049101437e-15   0.000000000000e+00  -4.515632760219e-15  -8.604228440845e-15   1.258962543594e-15  -3.885242610463e-15   1.989719400372e-01   7.679956309267e-01  -2.314348153472e-01   5.189449063632e-01
  -2.184492015268e-17   5.551115123126e-17  -1.430204376393e-17  -1.752370228808e-16   5.551115123126e-17  -1.047092271848e-17  -2.780737755537e-17   4.440892098501e-16   1.724626812265e-16   2.753200203658e-16   1.665334536938e-16   3.744411033902e-16   5.479284152697e-03   1.402283378491e-01  -3.187937217852e-03   4.576459168934e-02   3.114321809203e-16  -6.522560269673e-16  -3.105694185921e-16  -9.082736204682e-16   1.387778780781e-17   2.861074777375e-16  -4.336616451285e-16  -2.143523462663e-16   4.446120446141e-16   5.307449230569e-16  -5.551115123126e-16   7.108853521801e-16  -8.218622616513e-16  -1.509209424100e-15   5.107025913276e-15  -7.495868841780e-15   2.133154260207e-15   0.000000000000e+00   4.659429228233e-01   7.502820290182e-01   3.991781298879e-01   1.970591792720e-01  -4.794893492050e-15   1.193489751472e-14   1.361139602484e-15   2.063913634738e-15
  -4.577605267595e-17  -5.551115123126e-17   2.583663278906e-17  -2.563470866712e-16   0.000000000000e+00   5.018125530794e-17   8.462888017377e-17   1.110223024625e-16   2.722191948103e-16   1.491508124573e-16  -3.885780586188e-16   2.164999798265e-16  -1.663041361571e-02   4.620155139195e-02   9.675846887351e-03  -1.389021024531e-01   6.866091204309e-16  -8.187894806611e-16  -5.165829649515e-16  -2.100819917755e-15   1.110223024625e-16   2.100880607126e-17  -4.142141577398e-16  -9.187691510154e-16  -3.691752924967e-16   1.185538450218e-15   2.498001805407e-16   8.231769498239e-16  -7.229791060634e-16  -1.734723475977e-17   6.120104423246e-15   5.909077642960e-16   2.386419537177e-15   0.000000000000e+00   5.424848839134e-01  -6.444209081380e-01   4.647524210495e-01   2.294307322959e-01  -7.405332432793e-15  -1.249000902703e-15   2.144589793137e-16  -5.333747920285e-16
   3.655884528472e-17  -2.775557561563e-16  -1.332445606326e-17  -4.102681421565e-17  -3.330669073875e-16   5.894955066283e-17   7.560096017929e-17   8.881784197001e-16   1.148169539643e-16  -1.465247246052e-17  -6.938893903907e-17  -1.304021319750e-16   6.938893903907e-18  -1.387778780781e-16  -1.173106750629e-16  -1.012664239610e-16   9.048572409757e-17   2.359223927328e-16  -7.521944160387e-18  -6.368853624665e-16  -2.664535259100e-15   2.080760333895e-16   2.430424909818e-17  -1.386858627739e-16  -1.445203048513e-16   7.572576119956e-17  -1.387778780781e-16  -5.048096227839e-16  -2.861839596545e-17  -6.730727086790e-16  -1.000000000000e+00  -9.530475504672e-14  -2.639588705693e-19   0.000000000000e+00  -2.428612866368e-15   9.714451465470e-17   1.482938794359e-14   1.512678871052e-15  -1.247627759908e-15  -2.081668171172e-16   1.500080977626e-15   2.096146813889e-15
   0.000000000000e+00   0.000000000000e+00   0.000000000000e+00   0.000000000000e+00   0.000000000000e+00   0.000000000000e+00   0.000000000000e+00   0.000000000000e+00   0.000000000000e+00   0.000000000000e+00   0.000000000000e+00   0.000000000000e+00   0.000000000000e+00   0.000000000000e+00   0.000000000000e+00   0.000000000000e+00   0.000000000000e+00   0.000000000000e+00   0.000000000000e+00   0.000000000000e+00   0.000000000000e+00   0.000000000000e+00   0.000000000000e+00   0.000000000000e+00   0.000000000000e+00   0.000000000000e+00   0.000000000000e+00   0.000000000000e+00   0.000000000000e+00   0.000000000000e+00   0.000000000000e+00   0.000000000000e+00   0.000000000000e+00   1.000000000000e+00   0.000000000000e+00   0.000000000000e+00   0.000000000000e+00   0.000000000000e+00   0.000000000000e+00   0.000000000000e+00   0.000000000000e+00   0.000000000000e+00
