ARMA_MAT_TXT_FN008
20 20
  -9.928764756554e-01   5.756080847094e-02  -5.960275552547e-17  -7.615436059538e-16   9.497611030973e-17  -1.769417945496e-16  -3.885780586188e-16  -2.256135782483e-17  -1.798962454697e-16   2.196932414635e-16   1.041919837610e-01  -5.204607409186e-03  -2.359223927328e-16  -9.649399335121e-18   0.000000000000e+00  -2.237793284010e-16   4.322714061700e-16   3.777360368939e-16   4.204536024899e-16   2.357868674613e-16
  -5.756080847094e-02  -9.928764756554e-01   2.183481483026e-17  -9.909607856518e-17  -6.304635633003e-17  -5.692061405549e-17  -9.887923813068e-17   7.787954436279e-17   8.577462199712e-16  -1.161329604531e-15   5.204607409186e-03   1.041919837610e-01  -8.673617379884e-18   9.652109840552e-17   0.000000000000e+00  -3.629908873481e-16  -1.990053087597e-16   5.670377362099e-17  -2.661716333452e-17  -4.400505567576e-17
   5.971135188535e-17  -2.561839146258e-18  -9.903127612412e-01  -1.508174671645e-02  -3.928602328289e-02   2.198482075541e-02   2.142166051508e-17  -5.982444346769e-16  -3.603454060461e-16  -9.130617315461e-18  -6.252468465803e-17   3.641932134059e-16  -8.755615438796e-18   9.932270755226e-16   0.000000000000e+00  -2.032347719763e-16   9.900971375690e-02  -7.838522265849e-02  -2.065190906252e-02  -2.554963742378e-02
   1.967321244115e-17  -1.513075029503e-16  -4.485177449863e-02   2.248448434888e-01   9.496245835690e-01  -1.691739137465e-01  -1.994137907996e-17   1.745300034721e-16  -2.039363234489e-16   1.406006630367e-16   3.240568164789e-17   1.304600672113e-16  -1.333638773669e-16   1.085906490595e-15   0.000000000000e+00  -5.457381117727e-16   1.469921411849e-02  -1.615195424118e-02  -2.447114088635e-02   1.262959326822e-01
   5.828670879282e-16   9.454242944074e-17  -2.937084129400e-03  -8.387126255319e-01   1.061767546882e-01  -5.179310284239e-01   5.134781488891e-16   2.950766326702e-17   1.155759515870e-16  -1.419762744870e-16  -1.682681771698e-16   2.558717127066e-17   7.494005416220e-16  -1.201296007114e-16   0.000000000000e+00   1.533495552763e-15  -5.055462887725e-03  -4.432671007326e-02   1.212317304212e-01   1.840935843574e-02
  -1.340073885192e-16   2.578774867257e-16  -1.529296943669e-02   4.782802705277e-01  -2.614762007334e-01  -8.280204420725e-01  -1.457167719821e-16   1.371270108639e-16   3.558690343276e-16  -3.869720841508e-16  -5.507747036226e-17  -8.635670303847e-17  -1.672273430842e-15  -3.628824671309e-16   0.000000000000e+00   2.823262457152e-16   8.355778749419e-02   9.304013051855e-02   3.611068158782e-02   9.170649229349e-03
   2.550776772182e-18   5.007683634450e-18   6.174510641796e-16   1.232378515238e-16   2.021673379054e-16  -1.429381102720e-16   2.554292142760e-04  -9.900868722012e-01   1.379298313256e-01   2.651946231012e-02  -1.324771592413e-17  -5.484667637417e-17  -2.193227177099e-18  -1.182490098311e-16   0.000000000000e+00   1.060634842943e-17   4.571190829798e-16  -4.310356886273e-16  -1.131154088439e-16   9.985289486728e-17
  -9.001025824551e-18   3.943043281607e-21  -5.912850371914e-17  -8.841846571190e-17  -2.078898041780e-16   7.843173485053e-17   1.077848254420e-03   1.280428776772e-01   8.087419413153e-01   5.740560356593e-01   1.099917624804e-16  -3.836609967689e-16  -2.231090224078e-17  -1.066765494997e-15   0.000000000000e+00   1.081519443470e-16   1.799568697332e-15  -1.798570995730e-15  -9.067819346790e-16   1.553404216675e-15
   1.041470231104e-01  -6.037797245742e-03  -2.043835243242e-17  -1.110223024625e-16  -5.204170427930e-18  -1.483188571960e-16  -3.858025010572e-15  -1.852702460035e-16  -1.666039268350e-15   2.174896005479e-15   9.933051040596e-01  -4.961766651868e-02  -5.828670879282e-16   3.057450126409e-17   0.000000000000e+00  -2.607289384393e-15   1.056012916001e-16  -8.502313436631e-16   1.160530005428e-15  -3.198396408832e-18
   6.037797245742e-03   1.041470231104e-01   1.632854580909e-16   1.257674520083e-17  -4.824699667560e-18   1.235990476633e-17  -9.645062526431e-16   8.099046344399e-16   8.378111301510e-15  -1.135366520038e-14   4.961766651868e-02   9.933051040596e-01  -1.665334536938e-16  -3.515254493741e-16   0.000000000000e+00   3.829402073219e-16  -1.705761725444e-15   5.721334864206e-16  -7.031051088568e-17  -2.506472134879e-16
   3.469446951954e-18  -3.783865581974e-17  -1.189824641581e-16  -6.852157730108e-17   1.643650493488e-16   3.985527186057e-16  -5.147461825496e-02   5.764963707903e-02   5.710500247707e-01  -8.172690818999e-01   1.846613140177e-15  -1.453557326586e-14   4.163336342344e-17   2.038300084273e-17   0.000000000000e+00   1.925543058334e-16   2.989145389543e-16  -1.139713323717e-15  -8.756016744993e-16   7.875102479848e-16
  -1.387778780781e-17   1.734723475977e-18  -1.567125316121e-17  -4.024558464266e-16   1.006139616067e-16  -1.387778780781e-16  -9.986736887866e-01  -3.086473004572e-03  -2.852548329976e-02   4.275083405437e-02  -4.149458554537e-15  -3.989863994747e-17  -1.554312234475e-15   2.081668171172e-17   0.000000000000e+00   5.551115123126e-17   4.857225732735e-17   2.307182223049e-16  -5.204170427930e-17  -1.565587937069e-16
  -8.505505319341e-18  -9.662803372507e-19  -2.148611262168e-17  -1.368035423317e-17  -1.093291546883e-18   4.064505382276e-17  -1.245932525852e-18  -3.003917644143e-17  -9.428628667749e-16  -6.996356619049e-16   2.499115137839e-17  -3.515858870171e-16  -1.123611151378e-02  -9.998640470205e-01   0.000000000000e+00   1.206802692289e-02   4.887496658892e-15  -7.217275038972e-15  -4.508226279097e-15   6.100032885708e-15
   1.947567016155e-17  -1.826383966853e-16  -4.125262825308e-17  -5.214284370479e-17   8.996298041399e-17  -1.115510499881e-19   2.085030526998e-16  -1.561250337509e-17  -1.422479342173e-16   2.081690686677e-17   2.333322281699e-15  -6.916328685290e-17  -9.103563022236e-02   1.304154501168e-02   0.000000000000e+00   9.957622367482e-01   3.900605104541e-16   1.051138906559e-15  -1.210050778418e-14   1.000740384770e-15
   4.394669260877e-18   1.780696828310e-17   1.303357446117e-01   1.984919073314e-03   5.170460583574e-03  -2.893437402261e-03  -6.806205088045e-18   3.044445598833e-16  -2.227424860408e-15  -6.869322085817e-16  -3.326269084601e-16   1.360076759896e-15  -2.274370398883e-17   7.370484376265e-15   0.000000000000e+00  -1.302196660284e-15   7.522923455298e-01  -5.955840166694e-01  -1.569166551320e-01  -1.941304134276e-01
   6.160109452232e-17  -2.012482482184e-17   5.902972934639e-03  -2.959198471953e-02  -1.249807455232e-01   2.226509531129e-02  -5.683830351552e-17  -1.877838474908e-16  -2.355752075860e-15  -4.093956290379e-16   1.745899744979e-16   4.329495398762e-16  -9.244385232951e-16   8.157775763646e-15   0.000000000000e+00  -3.377478786780e-15   1.116870844996e-01  -1.227252466442e-01  -1.859358165642e-01   9.596175953164e-01
   1.040834085586e-17  -5.669022109384e-17   3.865516652666e-04   1.103835463323e-01  -1.397399581663e-02   6.816525938989e-02  -2.038300084273e-16   3.635097479679e-17   2.135725813866e-16  -1.856289644567e-16  -1.029016281906e-15   2.246331376118e-16   3.302046136522e-15  -8.722542002917e-16   0.000000000000e+00   1.140461423216e-14  -3.841225157850e-02  -3.368017482861e-01   9.211389405196e-01   1.398773808328e-01
   2.386871082727e-16  -1.810956441230e-16   2.012718241010e-03  -6.294679583264e-02   3.441306287734e-02   1.089763407027e-01   7.632783294298e-17   8.429679832009e-17   4.893766734080e-16  -3.718995563709e-16   5.827586677110e-17   7.392361462549e-16  -1.128437621123e-14  -2.725087950434e-15   0.000000000000e+00   6.822342170365e-16   6.348860284115e-01   7.069344548157e-01   2.743749912971e-01   6.968012487862e-02
  -1.387778780781e-16  -1.040834085586e-17  -3.210863321204e-18  -8.326672684689e-17  -4.857225732735e-17  -1.457167719821e-16  -1.443289932013e-15  -7.474218726572e-18  -7.806255641896e-17   1.088538981175e-16   1.026956297778e-15   1.231653667944e-16   9.957842456215e-01  -1.008987509685e-02   0.000000000000e+00   9.116978991125e-02   7.947635605188e-15   9.487202690117e-15  -1.401656568589e-15   1.471479188497e-15
   0.000000000000e+00   0.000000000000e+00   0.000000000000e+00   0.000000000000e+00   0.000000000000e+00   0.000000000000e+00   0.000000000000e+00   0.000000000000e+00   0.000000000000e+00   0.000000000000e+00   0.000000000000e+00   0.000000000000e+00   0.000000000000e+00   0.000000000000e+00   1.000000000000e+00   0.000000000000e+00   0.000000000000e+00   0.000000000000e+00   0.000000000000e+00   0.000000000000e+00
