ARMA_MAT_TXT_FN008
30 30
   2.799740254216e-01   9.544693138626e-01   1.566279849095e-16  -1.543903893619e-16  -1.237392747286e-16   4.282456186409e-16   7.775014195149e-17  -5.973812956354e-17   1.517015679742e-15  -3.377819370467e-17  -2.798158175018e-02   9.539299616701e-02   1.417649646068e-16  -1.116098405207e-17   1.390535553076e-17   1.561251128379e-16   1.175561396958e-17   4.795906547289e-17   7.329206686002e-17   5.576271580175e-18   9.896178012861e-17   0.000000000000e+00   4.646219538810e-16  -2.359223927328e-16  -5.316627484475e-16  -1.153591111525e-16  -6.604586250414e-17  -4.863481681963e-17   2.574941870719e-02   7.553064622424e-03
  -9.544693138626e-01   2.799740254216e-01   1.722858941247e-16  -9.714451465470e-17   1.575346758301e-16  -8.925827021831e-16  -3.974697909309e-16  -1.325818810644e-16  -5.387183754646e-15  -6.147879914866e-17   9.539299616701e-02   2.798158175018e-02  -2.986640057111e-16   3.284270264957e-17  -5.123440110230e-17   1.036497276896e-16  -1.318492747202e-16  -9.165593922973e-17  -2.396086801193e-17   4.479803234796e-17   1.205064526029e-16   0.000000000000e+00   1.747239589385e-16  -1.908195823574e-17   1.472627079567e-15  -2.383076375123e-16   5.592609233587e-16   1.013472584114e-16   7.553064622423e-03  -2.574941870719e-02
   2.248021277454e-16  -5.928227590627e-17   6.269143712935e-01   1.489681798004e-13   7.664988306602e-01  -5.013443565410e-02   4.747341008176e-17   5.830775279018e-17   7.398293262452e-18   5.828284341364e-18  -2.307204099044e-16  -2.476884477397e-17   1.075528553587e-16   3.465744150681e-16  -2.127865244026e-15   4.958688434817e-19  -5.848512332909e-02  -5.410371510428e-02  -4.881281285770e-18   1.029404215308e-01  -4.307159443473e-17   0.000000000000e+00  -1.668924442992e-16   9.317321865660e-19   1.367373467481e-16  -2.564939295033e-18  -5.709968365368e-19  -2.234926964825e-17   3.013142457901e-18  -3.567316819880e-17
   1.508024889951e-17   1.868631384092e-16  -7.612503055518e-01  -1.808251467294e-13   6.286150802352e-01   9.163296990907e-02  -5.233525030578e-16  -2.711905390654e-16  -4.592415339768e-18   2.031416565037e-16  -2.104575825480e-17   9.726914699048e-18   6.036837699175e-16   1.143514181400e-15  -3.375718139117e-16   4.762481608224e-18   7.980746619724e-02  -1.024822829474e-01   9.606028772823e-17  -8.520683358891e-03  -1.741417859597e-16   0.000000000000e+00  -4.626808383561e-17  -1.685065905830e-18   2.677124407166e-16   4.918520490175e-19   1.375502715956e-16  -3.421392561936e-17  -9.504837032398e-18  -1.601191970108e-17
  -1.219119552122e-16  -9.367506770275e-17   3.457234830226e-02   9.335363775370e-01  -6.551188228331e-03   3.321554070866e-01  -1.390410337811e-16  -1.708122666938e-17  -3.608224830032e-16  -1.386869353261e-17   3.869907820131e-17   6.938893903907e-17  -1.061167196583e-15   5.330796668308e-16  -3.457052948511e-16  -5.551115123126e-16   7.860153965179e-02   5.509019479306e-02   4.809011085844e-02   7.361155930618e-02  -9.460010790328e-18   0.000000000000e+00   9.104212182124e-17   4.440892098501e-16   1.507652996074e-16   2.775557561563e-16   3.329928190776e-16   1.883298233402e-16  -1.534146074067e-17  -1.166304073627e-16
  -1.561058808814e-16  -2.042636892963e-16   9.662631148933e-02  -3.340140413084e-01  -1.830992644286e-02   9.283416777817e-01   1.274995545898e-16   9.766190430966e-17   4.996003610813e-16   9.845628127347e-18  -2.319778340351e-16   1.170938346284e-16  -5.445670285480e-16  -2.012353204998e-16   9.435073504644e-17   1.249000902703e-16  -3.124913881309e-02  -2.190187561153e-02   1.209619496431e-01  -2.926530250167e-02  -6.399580690384e-17   0.000000000000e+00  -2.001903358841e-16  -2.498001805407e-16   3.253244193131e-16   1.075528555106e-16   4.345823993882e-16   3.456494034080e-16  -2.268693045926e-17  -2.972162704023e-16
  -1.375677837617e-17  -4.258085444491e-18   1.896872472879e-16  -1.287465527532e-18  -4.168373083222e-17   3.154350719971e-17   4.861272660953e-03  -8.515202590708e-01   5.863176091568e-15  -5.098893194322e-01  -1.572277441162e-15  -1.064445170676e-15   2.979184282143e-16  -1.235430785942e-15   1.711362911935e-17   4.943800763919e-17   1.416621055000e-16   1.396553299060e-16   3.693821027042e-16  -4.977870011455e-16  -1.579241936056e-15   0.000000000000e+00  -3.263310552139e-15  -1.665173333105e-16   7.861692149467e-03   1.361587723695e-16   4.081299641558e-02  -1.147823656713e-01  -9.441741700157e-17   1.373727410168e-16
   1.303842619872e-17   6.034442407364e-18   2.766789300019e-16   6.043010157931e-18   9.750246248572e-18  -2.691531911185e-17   3.968377718023e-02  -5.093209378015e-01   4.848453592361e-14   8.509494002564e-01  -2.774773580848e-16  -1.466883028838e-16  -1.848022603047e-16  -9.478363226763e-16   4.031557518303e-16   1.938417053332e-17   9.909690326427e-17   1.171108593085e-15   7.923623320718e-17  -1.213534609070e-15   2.954301995060e-16   0.000000000000e+00  -4.557619534744e-16   1.355734021086e-16   1.161136442279e-01  -1.196413803863e-16  -3.730810945238e-02  -5.312715141508e-03   4.530730383760e-16   3.934555810065e-15
  -2.882248647785e-02  -9.825975410004e-02  -3.430978764052e-17   4.683753385137e-17   4.810644066391e-18  -2.522651709644e-16   1.494900452607e-15  -4.775030880141e-16   1.615201028482e-14  -2.719493080958e-16  -2.765129032188e-01   9.426698802225e-01   1.344026933258e-16  -8.791038072480e-17   1.416449424982e-16   3.747002708110e-16   2.393420297924e-16   1.945636992365e-16   5.466547353672e-16  -5.483546780641e-17   5.763720835777e-16   0.000000000000e+00   2.440961738345e-15   1.353084311262e-16  -2.104151567678e-15  -1.543903893619e-16   8.813119156311e-17  -3.361654990291e-16   1.499768149829e-01   4.399262710792e-02
   9.825975410004e-02  -2.882248647785e-02   3.189605405460e-17  -2.168404344971e-17   6.624102661264e-17   2.065860790160e-16  -4.559581124297e-15  -1.704431875213e-15  -5.365239502675e-14  -5.025918046277e-16   9.426698802225e-01   2.765129032188e-01  -6.213918224932e-16   3.182953494922e-16  -4.660276051194e-16   1.066854937726e-16  -9.629557108063e-16  -5.619353075314e-16  -5.713745448999e-17   3.986876165188e-16   3.185735932674e-16   0.000000000000e+00   1.362549719226e-15   2.862293735362e-16   5.862049640066e-15  -8.125011080606e-16   2.108757398277e-15   3.037693864808e-17   4.399262710792e-02  -1.499768149829e-01
  -1.716164003262e-16  -2.602085213965e-17   1.464957404758e-16  -2.498001805407e-16  -6.517335487557e-17   3.715466277439e-16  -4.851193693364e-01  -1.201146376625e-02  -8.656640289165e-01   1.543414798207e-02  -5.182615158745e-14   4.145989107585e-16  -7.538753284678e-16   1.337653588562e-17   1.073939660180e-17   1.110223024625e-16  -7.906194603299e-16   6.089826688147e-16   9.020562075079e-17  -1.012673727410e-16  -4.437311984683e-17   0.000000000000e+00  -1.377982542401e-15   7.771561172376e-16  -1.310695186095e-02   1.140951833813e-01  -3.870502928840e-02  -1.466001360331e-02   3.552930519235e-16  -2.092004567756e-15
  -1.364223777244e-16   1.509209424100e-16   1.949488649465e-16  -9.714451465470e-17  -9.255853291772e-17  -1.789547913079e-16  -8.649614239967e-01  -2.141628114688e-02   4.855134299802e-01   2.751888186813e-02   2.336354394099e-14  -1.561251128379e-17  -4.339363166603e-16  -1.236025588242e-16   7.098356238564e-17   1.387778780781e-16  -1.070348018188e-15   1.519035899730e-15   1.040834085586e-17  -1.342603315233e-16  -1.142365247883e-17   0.000000000000e+00   1.707296658234e-15  -7.216449660064e-16   3.444592258233e-02   4.341413915017e-02   1.017193361629e-01   3.852746992533e-02  -4.083647482667e-16   2.262432888649e-15
  -4.553191973150e-18   1.913585003430e-18  -1.568075148663e-17   4.319970979254e-18   1.005068742093e-16  -1.463229879397e-18  -1.298981685242e-17  -1.243724059987e-15   1.630107104929e-30   2.274750260694e-16  -3.266801645470e-16  -5.186165251211e-18  -3.481160116402e-17   9.993818352930e-01  -3.515604196052e-02  -6.320814905573e-17  -7.629046670178e-15   7.053506666317e-15   7.859727377917e-19  -5.118018655423e-15  -1.208896325587e-15   0.000000000000e+00   1.791362621111e-15   1.848892746612e-31   2.382726432488e-15   1.694818351061e-32   6.749796290125e-17  -1.676494124416e-16   1.448190346709e-18   5.767797987856e-16
   3.964453260253e-18  -1.603919892784e-18  -2.994095438649e-16  -7.470182265335e-19  -1.125415007141e-16  -3.818098171405e-18  -3.070924743936e-17  -4.261633405776e-16  -1.252634465479e-29   2.893954808054e-16  -4.541384978237e-16   5.066552029626e-18   1.495686928779e-17  -3.515604196052e-02  -9.993818352930e-01  -4.433597367926e-18   2.139578018047e-15   7.915010622582e-15  -6.216573821473e-18  -1.278072487637e-14   2.018404179591e-15   0.000000000000e+00  -7.023746296846e-16   5.546678239835e-32   1.371639205969e-15  -1.088150418579e-32  -4.562162759797e-17  -3.366293565826e-16  -1.376356299264e-18  -1.998982946316e-18
   1.430737400157e-17  -5.233005408609e-18  -8.230627760085e-02  -1.955469866126e-14  -1.006320295496e-01   6.582045279635e-03  -8.449582685810e-17  -9.515341196594e-16   7.032009538868e-17   8.512060552510e-16  -1.065111050414e-15  -6.427666242072e-17  -6.505213032893e-17   2.738965448238e-15  -1.395304934764e-14  -4.542241328263e-17  -4.454722700459e-01  -4.120997514155e-01  -3.484785030228e-17   7.840815005340e-01  -3.252050839109e-16   0.000000000000e+00  -1.548738444030e-15   1.774996421950e-19   2.418489580074e-15  -8.504503673746e-18   2.198239672420e-17   1.132737417390e-16   7.036511540030e-17  -8.618787312736e-16
   1.113837727847e-18   4.960043640655e-18   9.994296165711e-02   2.375478889280e-14  -8.252956012345e-02  -1.203030111300e-02  -1.710048808364e-15  -1.019998388753e-16  -1.009405905616e-16   7.816818245813e-16   1.865663702746e-16   7.631824555168e-17   5.483460907526e-15   9.506502594680e-15  -4.287705689886e-15   5.986131500512e-17   6.078813057031e-01  -7.805919287743e-01   6.978468752247e-16  -6.490074641494e-02  -8.651071216242e-16   0.000000000000e+00  -2.476760818043e-16  -1.879053255453e-19   1.835376227312e-15   6.025375215154e-18   1.434851879321e-15   3.064535680690e-16  -1.091009961700e-16   4.814541645706e-16
  -2.457632876765e-17  -3.458604930229e-17  -4.538931354864e-03  -1.225620399825e-01   8.600918109818e-04  -4.360798921531e-02  -1.556490087804e-16  -2.821848968465e-16  -4.857225732735e-17  -1.066965452433e-16   5.868436874104e-16  -4.943961906534e-17  -5.950996584775e-15   4.065107580457e-15  -2.526461622283e-15   1.804112415016e-16   5.986959470148e-01   4.196136168448e-01   3.662950444735e-01   5.606880272993e-01   5.090311989036e-17   0.000000000000e+00   8.775442017317e-16  -4.093947403305e-16  -4.744425942689e-16   8.760353553683e-17  -1.590069326017e-15   6.699017003297e-16  -1.265806036377e-16  -8.063697857731e-16
   1.718029093235e-17  -8.435092901937e-17  -1.268586649334e-02   4.385200541788e-02   2.403871976244e-03  -1.218800387081e-01   2.393455894275e-16   2.687872847636e-16  -4.857225732735e-17   7.766858837123e-17   2.195698530117e-17  -1.183948772354e-16   3.087942788160e-15  -1.618634495968e-15   1.003374071838e-15   1.061650767298e-15  -2.380199273192e-01  -1.668232482307e-01   9.213487333091e-01  -2.229093485132e-01  -1.477078884824e-16   0.000000000000e+00  -1.040720878938e-15  -9.436895709314e-16  -2.208207293092e-16   2.827599265842e-16   2.165606609823e-16   1.723342306834e-15  -2.822991406609e-17   2.763071603863e-16
  -3.215279653081e-16  -2.064320936412e-16  -5.183665959191e-17   1.387778780781e-16  -1.821912773850e-17   5.017287838184e-16  -3.008475216101e-16   7.256707888290e-17  -2.775557561563e-16   8.356058031952e-17   2.950510914706e-16  -2.879640970121e-16   7.282622345563e-01   6.797319434739e-17   5.087061824721e-18   6.852985610076e-01   8.324440445160e-16   5.584606431272e-15  -1.165734175856e-15   3.464622400872e-15  -2.632963290633e-16   0.000000000000e+00  -7.453473350897e-17  -1.887379141863e-15   7.721370628559e-16  -1.006139616067e-15  -2.787633431630e-16   1.141580941308e-15   6.104058231093e-17  -1.460343851402e-15
   3.105030748367e-16  -2.307182223049e-16   7.070842128566e-17   2.498001805407e-16   7.912581316446e-18  -1.050987611345e-16   4.404513143745e-16  -2.468083186791e-17   3.330669073875e-16  -8.424768977958e-17  -3.015981694338e-16  -3.781697177629e-16  -6.852985610076e-01   2.256230684589e-17  -1.392240415896e-17   7.282622345563e-01  -5.903208912617e-16  -5.028704673297e-15  -4.649058915618e-16  -2.945212644045e-15   2.232507415851e-16   0.000000000000e+00   3.836720650139e-17  -1.332267629550e-15  -6.128682851386e-16  -3.400058012915e-16   9.371860048432e-16  -5.607464861730e-16   1.292368989603e-16   9.830121239975e-16
  -4.665654414917e-18   2.944874289263e-18  -1.994933528692e-18  -1.346762449678e-20  -1.263603861274e-17   9.340809320519e-17   2.939794519315e-17  -1.118883727564e-15  -7.957979099891e-16  -7.359983886666e-16  -2.540845867191e-16   4.859616695480e-16   2.289834988289e-16  -5.562640893296e-16   7.158792633972e-16   2.473111675214e-17  -7.615059889124e-16  -1.479698458601e-15   5.760095046312e-16   2.110545461290e-16   6.322260061383e-01   0.000000000000e+00   7.747840196870e-01   3.833472695235e-17  -9.849143483116e-16   1.006631780342e-16  -2.005208485492e-15  -1.937582775434e-14  -1.976436090077e-14   9.752416173849e-16
  -5.292516316163e-17   1.120356136745e-18  -1.505486512497e-17  -1.099056670233e-19   1.778931901210e-17   3.016259186839e-18   5.287736002382e-17   1.160939549627e-15  -6.592741561462e-16   6.629277759587e-16  -5.298029192293e-17   1.106318885150e-16  -2.498001805407e-16  -2.158375452792e-15  -1.987822236911e-15  -7.720962547381e-20  -1.044410464090e-15  -3.078625766636e-16   3.325770979260e-16   3.807634213053e-16  -7.747840196870e-01   0.000000000000e+00   6.322260061383e-01   5.784153861067e-17   5.037358697405e-15  -3.501603816508e-18  -1.689217011092e-15  -1.977458319871e-14  -8.297177056208e-15   6.863152501182e-16
   6.403365267951e-17  -6.422163034690e-18  -5.461903834739e-17  -1.560781818536e-18  -8.473856244625e-17  -5.389372124285e-17  -5.979156391290e-04   1.047333312577e-01  -7.596311081588e-16   6.271419432245e-02  -5.938024337356e-16  -1.664953667197e-16   1.110223024625e-15  -1.688110876603e-16   1.784042969153e-16   1.930603387238e-16   2.891903079445e-16   4.492731054964e-16   1.666191556314e-15   5.346859171292e-16   3.072335102569e-15   0.000000000000e+00  -2.498088115145e-14  -1.279223508536e-15   6.391843031685e-02   1.058538699414e-15   3.318245764162e-01  -9.332225813830e-01  -7.668417733265e-16   1.173616693569e-15
   3.722852642680e-17   3.959401229887e-18   1.884777038006e-17  -7.740488842183e-18   6.847004400804e-17  -3.741888296352e-17  -4.880933996228e-03   6.264428582529e-02  -5.968547321450e-15  -1.046631180776e-01  -1.794168813042e-16  -4.451383870877e-17  -1.165734175856e-15  -2.271400166291e-15   1.088315212090e-15   6.068406420478e-17   1.673671749390e-16   1.574020121893e-15   3.878692063181e-16  -1.658032054956e-15   4.460477564949e-15   0.000000000000e+00  -4.207139499761e-15   9.999743055950e-16   9.440463625785e-01  -8.826716977139e-16  -3.033285645060e-01  -4.319431569053e-02   3.823316623298e-15   3.281329579658e-14
  -3.046633497451e-03  -1.038638559246e-02  -1.243794312169e-17   5.095750210682e-17   1.137621847274e-18   8.401222124129e-17  -5.990998923460e-16   4.990345168834e-17  -2.542887775348e-15   9.854247711641e-17   4.453221361411e-02  -1.518163383516e-01   5.322355460252e-16  -1.413978365262e-16  -2.490398129189e-17  -1.886511780125e-16   1.085302541438e-16   5.752464776404e-17   5.580930682869e-17   3.557157807541e-16   5.600629577275e-15   0.000000000000e+00   1.917503661282e-14  -8.803721640582e-17  -1.330455469812e-14  -1.172076758565e-15   6.068923241229e-16  -1.083465524565e-15   9.474272794207e-01   2.779083888412e-01
   1.038638559246e-02  -3.046633497451e-03   6.820733228505e-17   9.920449878242e-18  -4.337325922844e-18  -1.552313068058e-16   1.256203248249e-15   3.336736725384e-16   8.758185149338e-15  -4.524980125052e-17  -1.518163383516e-01  -4.453221361411e-02  -1.502013036674e-15   4.738600437339e-16   7.757002848494e-17  -1.427352160077e-16   2.647003639189e-16  -2.375919361360e-16  -8.151167458018e-17  -1.239147363435e-15   1.737139893357e-15   0.000000000000e+00   6.945554297362e-15   1.330424485857e-15   3.548614400505e-14  -5.001885407599e-15   1.118616059597e-14   5.084749125663e-15   2.779083888412e-01  -9.474272794207e-01
  -7.705195977374e-17  -2.818925648462e-18  -1.268746195010e-17   1.526556658860e-16  -2.250398028655e-17  -2.078120100672e-17   5.966759694443e-02   1.477358407060e-03   1.064729541460e-01  -1.898333851799e-03   6.438194094913e-15  -2.268150944840e-16   7.286247996721e-16   2.742482943385e-16  -9.830818543450e-17   8.812395257962e-16   4.169082346700e-17  -9.238218103502e-16  -6.678685382511e-17  -9.786042022833e-17  -2.073635293534e-16   0.000000000000e+00  -3.767247970812e-15  -1.498801083244e-15  -1.065643087090e-01   9.276355382272e-01  -3.146860332925e-01  -1.191912682578e-01   3.324448463911e-15  -1.243422933271e-14
   1.655460839164e-16  -7.090682208055e-17  -8.346163928463e-17  -5.551115123126e-17   1.033202804042e-16  -6.061542287293e-16   1.063865367613e-01   2.634110514426e-03  -5.971606470958e-02  -3.384704168615e-03  -2.931607345252e-15  -1.647987302178e-17   7.379348159350e-16  -7.098636250607e-16   2.461582267221e-16  -1.387778780781e-16   2.666156564037e-16   2.038080488647e-15  -5.082739784612e-16   2.726673584180e-16   3.765144495475e-16   0.000000000000e+00   9.893330269373e-15   2.081668171172e-16   2.800579392348e-01   3.529728174646e-01   8.270153774523e-01   3.132424107797e-01  -1.548647278124e-15   1.969704047546e-14
   3.334226927198e-17  -1.144917494145e-16  -7.367758282428e-18  -1.110223024625e-16   1.264581342166e-18  -6.161159561261e-17  -1.492978006198e-16   8.357552349995e-18   1.110223024625e-15  -1.863866833610e-17  -4.547491622811e-17   0.000000000000e+00   4.668758887080e-16   1.236694971693e-30  -6.635924238350e-31   1.665334536938e-15  -2.780991267991e-17  -1.506308073016e-17   7.632783294298e-16  -3.404009209378e-17   2.046844529452e-17   0.000000000000e+00  -5.969728893646e-17   1.000000000000e+00  -8.829820385720e-16   1.748601263785e-15   1.623361239635e-16  -1.349943693866e-15  -1.971079549579e-16   1.257372031051e-15
   0.000000000000e+00   0.000000000000e+00   0.000000000000e+00   0.000000000000e+00   0.000000000000e+00   0.000000000000e+00   0.000000000000e+00   0.000000000000e+00   0.000000000000e+00   0.000000000000e+00   0.000000000000e+00   0.000000000000e+00   0.000000000000e+00   0.000000000000e+00   0.000000000000e+00   0.000000000000e+00   0.000000000000e+00   0.000000000000e+00   0.000000000000e+00   0.000000000000e+00   0.000000000000e+00   1.000000000000e+00   0.000000000000e+00   0.000000000000e+00   0.000000000000e+00   0.000000000000e+00   0.000000000000e+00   0.000000000000e+00   0.000000000000e+00   0.000000000000e+00
