ARMA_MAT_TXT_FN008
12 12
   9.898491875153e-01  -5.231295040925e-03  -1.670755547800e-16   4.841470919916e-17  -1.802079535942e-16  -1.365823686789e-16  -7.658804146438e-16  -4.492933802780e-16   0.000000000000e+00  -1.272582299955e-17   3.663558712911e-04   1.420249460862e-01
   5.231295040925e-03   9.898491875153e-01   5.551115123126e-17  -9.215718466127e-17  -1.006139616067e-16   7.806255641896e-17   1.235123114895e-15   1.110223024625e-16   0.000000000000e+00   9.714451465470e-17  -1.420249460862e-01   3.663558712907e-04
   2.086214519277e-17   1.413455907464e-16  -2.299127752058e-02   7.288668707536e-01   6.761239595497e-01  -1.052657456094e-01  -2.656835652463e-16  -9.052984819121e-17   0.000000000000e+00   7.629470244841e-16  -1.237133743484e-17  -9.039281909322e-17
  -4.905255908887e-17  -1.171842446844e-17   3.993635410099e-02   6.843727245638e-01  -7.226979613845e-01   8.801544242352e-02   1.968315971399e-16   9.689424379540e-17   0.000000000000e+00   6.845341391016e-16   8.210816063470e-18  -1.264508819321e-16
  -2.507884956847e-16  -2.498001805407e-16  -9.945076532336e-01   1.209815059805e-02  -3.143123339675e-02   9.909712396951e-02  -3.330669073875e-16  -4.440892098501e-16   0.000000000000e+00   1.734723475977e-18  -7.355227538142e-16  -7.201812930735e-17
   2.524063454642e-16  -2.775557561563e-17   9.397348795727e-02   1.551429479996e-02   1.399147079500e-01   9.855719987486e-01  -1.727784582073e-15  -1.110223024625e-16   0.000000000000e+00   3.469446951954e-18   9.367506770275e-17  -1.138608792754e-15
   2.098385946198e-21   1.179407849571e-19   1.387778780781e-17  -8.344019919448e-16   7.688673449858e-34  -1.110223024625e-16  -7.500483299471e-02  -9.878334111518e-03   0.000000000000e+00   9.971342404825e-01  -6.687529070387e-18   1.977566857848e-15
   8.098136726220e-18  -3.122707824899e-17   2.657656784782e-16  -2.212536105243e-17  -4.231283619102e-16  -1.193127203918e-15  -9.292212227752e-01  -3.621436374090e-01   0.000000000000e+00  -7.348404608052e-02  -9.072958858299e-15  -6.532356811682e-15
  -1.420234352096e-01   7.505855454329e-04   1.084202172486e-19   2.269895832711e-16   8.359198749863e-17   9.763105037960e-16  -5.220812931278e-15  -3.460122813270e-15   0.000000000000e+00  -2.481833640509e-15   2.553360725316e-03   9.898597177487e-01
  -7.505855454325e-04  -1.420234352096e-01   4.302114220422e-16   4.662069341688e-18   2.515349040166e-17  -6.938893903907e-18   8.923417560425e-15   1.693090112553e-15   0.000000000000e+00   6.713379852030e-16  -9.898597177487e-01   2.553360725316e-03
   3.715977096641e-17  -1.110223024625e-16   0.000000000000e+00  -5.204170427930e-18  -6.938893903907e-17  -4.857225732735e-16  -3.618317207924e-01   9.320699568162e-01   0.000000000000e+00  -1.798336534187e-02  -1.942890293094e-15   1.384797224807e-15
   0.000000000000e+00   0.000000000000e+00   0.000000000000e+00   0.000000000000e+00   0.000000000000e+00   0.000000000000e+00   0.000000000000e+00   0.000000000000e+00   1.000000000000e+00   0.000000000000e+00   0.000000000000e+00   0.000000000000e+00
