ARMA_MAT_TXT_FN008
12 12
  -7.138018776173e-01  -6.429529861212e-01   1.446867799182e-16  -1.561251128379e-17   1.914324456060e-16  -7.632783294298e-16  -1.245531455751e-15  -1.775055796793e-15   0.000000000000e+00   5.620504062165e-16   1.540151911663e-01  -2.310360535456e-01
  -6.429529861212e-01   7.138018776173e-01  -1.563419532724e-16  -9.159339953158e-16   1.901892525135e-16  -1.221245327088e-15  -1.568190022283e-15  -1.214306433184e-16   0.000000000000e+00  -9.992007221626e-16   2.310360535456e-01   1.540151911663e-01
   7.216449660064e-16  -6.314393452556e-16  -6.858852508563e-01  -5.161851898241e-01   4.304622726089e-01  -2.789560974857e-01  -2.983724378680e-16   4.371503159462e-16   0.000000000000e+00  -8.881784197001e-16  -1.526556658860e-16  -1.474514954580e-16
  -7.216449660064e-16  -3.608224830032e-16  -1.896004803878e-02  -5.813605926109e-01  -2.198276050742e-01   7.831578397646e-01   1.339206523454e-15   2.622901895677e-15   0.000000000000e+00   3.330669073875e-16   2.775557561563e-16  -7.632783294298e-17
   5.551115123126e-16  -7.077671781985e-16   8.130202152331e-02  -4.328332491599e-01  -7.290388515131e-01  -5.239730076086e-01   1.575128916187e-15   8.743006318923e-16   0.000000000000e+00  -1.998401444325e-15  -2.220446049250e-16   9.992007221626e-16
   6.661338147751e-16  -2.220446049250e-16   7.229051947057e-01  -4.563201612760e-01   4.846446212352e-01  -1.852014605459e-01  -8.604228440845e-16   1.380839886878e-15   0.000000000000e+00  -1.110223024625e-16  -1.457167719821e-16  -3.313321839116e-16
  -4.942377643708e-16  -7.157125852989e-16  -7.473847376538e-16   2.462936629466e-15   1.387778780781e-16  -1.015530924799e-15  -2.156971540782e-01   9.759919086398e-01   0.000000000000e+00  -3.024123000631e-02   9.764414739462e-16  -1.788001097646e-15
   4.994758127550e-16   4.168671902813e-16   2.496848578584e-16   1.739905281928e-15   1.887379141863e-15  -4.934893937628e-16   9.705513778181e-01   2.108870873409e-01   0.000000000000e+00  -1.164330683628e-01   8.960858248727e-15  -4.044431189836e-15
   2.063110443271e-01   1.858335011148e-01   7.700545930078e-17  -2.723515857284e-16  -7.324062089555e-16  -3.400058012915e-16  -7.637120102988e-15  -3.381409735548e-15   0.000000000000e+00   1.894318035767e-15   5.328669291296e-01  -7.993462946008e-01
   1.858335011148e-01  -2.063110443271e-01   1.286947978740e-16   2.914335439641e-16   4.687764696899e-16   3.608224830032e-16  -5.061923102900e-15  -1.075528555106e-15   0.000000000000e+00  -2.220446049250e-15   7.993462946008e-01   5.328669291296e-01
   4.440892098501e-16  -5.273559366969e-16   2.966377143920e-16   7.494005416220e-16   7.595803302589e-16   1.554312234475e-15  -1.072602477065e-01  -5.446494893598e-02   0.000000000000e+00  -9.927380362408e-01  -1.984523656517e-15  -2.289834988289e-15
   0.000000000000e+00   0.000000000000e+00   0.000000000000e+00   0.000000000000e+00   0.000000000000e+00   0.000000000000e+00   0.000000000000e+00   0.000000000000e+00   1.000000000000e+00   0.000000000000e+00   0.000000000000e+00   0.000000000000e+00
