ARMA_MAT_TXT_FN008
30 30
  -9.137126860970e-01   2.676018140119e-01  -7.546829460957e-16  -6.661338147751e-16  -2.736319971528e-16   1.422179847182e-16   1.491295241288e-15   6.661338147751e-16   2.058308156478e-15   1.563933735064e-15  -2.842054029538e-01  -9.581501514916e-02   7.106848628085e-17   1.114029477650e-17   3.885780586188e-16  -1.805701095566e-16  -1.132266972796e-16   8.803623273992e-17  -2.877700786253e-17  -3.469446951954e-18  -5.512601814999e-17   0.000000000000e+00   1.110223024625e-16   2.571967428853e-17   6.964441543014e-17   1.507989317303e-16   2.185751579731e-16   2.605302814070e-15   1.593308280723e-02   5.754394041985e-02
   2.676018140119e-01   9.137126860970e-01  -3.336390703559e-16  -1.925543058334e-16   4.261046401639e-16   1.895723083363e-16   1.876157208062e-15  -2.074729277268e-15   2.691845860179e-15  -8.464576811276e-16   9.581501514916e-02  -2.842054029538e-01   2.803252096737e-16   6.401506180345e-17  -1.387778780781e-16   2.935100899579e-18  -2.085772614937e-16  -3.086309941249e-17   1.068907795978e-16   1.491862189340e-16  -8.321640568413e-17   0.000000000000e+00  -1.075528555106e-15  -4.732483953010e-16   6.527738426640e-16   9.417404743840e-16   1.077263278582e-15  -9.184318139888e-16   5.754394041985e-02  -1.593308280723e-02
  -4.189357194484e-16  -1.025230915097e-16   3.702823972731e-02   1.361085201016e-01   8.543500572216e-01  -4.075065685172e-01   7.703074197799e-16  -1.092875789865e-16  -1.558668090154e-16  -1.826135677987e-16  -1.140580685455e-16   2.535684404431e-16   1.685604815811e-15  -1.992796258960e-15  -1.916869440954e-16  -1.514846034693e-17  -1.486863574421e-01  -2.481203074580e-01  -1.326259498785e-02   1.674933643340e-02   2.163397598005e-16   0.000000000000e+00  -1.925543058334e-16   1.242692228522e-16   5.177755826962e-16   2.608867847595e-16   5.518589057951e-17  -5.250332547553e-16  -1.554886929329e-16   1.487525380650e-16
  -4.458239333260e-16   2.606801504012e-16   8.346487359489e-01  -4.662143970065e-01   1.968560500001e-02  -3.860497376238e-02  -4.762131284583e-16   5.030698080333e-16   8.010742138411e-16  -3.962263940009e-16   9.540979117872e-17  -1.785350683475e-16   1.130186882405e-15  -4.810605070223e-16   3.469446951954e-17   2.850257715281e-16   2.412863643998e-01  -1.469941070524e-01  -2.920559569894e-02  -5.872318609960e-02   4.255425464177e-16   0.000000000000e+00  -2.983724378680e-16   6.122471049585e-16  -3.049805956612e-16   2.790278256389e-16  -5.186823193171e-16  -1.579126226189e-17   5.070518005369e-16   2.181414771041e-16
  -2.289834988289e-16   5.799133467133e-16   4.665039772317e-01   8.206701645388e-01  -8.913490528632e-02   1.296214965319e-01  -3.149860987982e-16  -8.118505867571e-16   4.975026611452e-16   1.392035118544e-16  -8.101158632812e-16  -1.054716600893e-16  -1.735781604695e-16   4.368568376482e-16  -1.387778780781e-17   9.204659723104e-18   4.132158196713e-02  -2.215960719669e-04  -1.498599395506e-01   2.448718702425e-01   2.333510644854e-16   0.000000000000e+00  -1.249000902703e-15   6.097535777252e-17  -3.420267350267e-16   7.141280138699e-16   1.994931997373e-16  -7.517216485274e-17  -2.748635234267e-16   1.133641791551e-15
   1.144917494145e-16   3.264489293169e-16   1.538439824340e-02   8.056879827901e-02  -4.214566036753e-01  -8.552885850365e-01   6.385040589228e-16  -4.440892098501e-16  -6.280548613478e-16   6.871883414293e-16   3.382710778155e-17  -2.524427327885e-16  -7.015631357075e-16   5.985408165858e-16   3.469446951954e-17  -9.746543696538e-16  -4.575522798843e-02   3.093142371814e-02  -2.462537143501e-01  -1.429565348858e-01  -7.964622540971e-16   0.000000000000e+00  -1.467576060676e-15   2.599735755170e-16  -1.251269965433e-16   2.114186967312e-16   5.260548940900e-16   4.623170297500e-16   8.755204113630e-18   2.337539883879e-16
   6.367742128108e-17  -2.566361599212e-16   4.405480982540e-16  -1.183495507789e-16   3.915502972309e-16   1.991799087493e-16   3.651605732941e-01  -2.348686106395e-14   1.375911098143e-01   8.622938274960e-01   6.802865496646e-15   2.218959566129e-15  -5.607869380548e-16   5.840980991132e-16  -1.388799711598e-16   5.340373325849e-16   3.279402959735e-16   2.981964551531e-16   2.531513486060e-15   2.811954165256e-16  -3.639463607280e-16   0.000000000000e+00  -2.753564107730e-15  -3.699787326246e-15  -4.412112039122e-02   1.518494312634e-01  -2.963711937075e-15   2.813731938802e-01  -3.332565871380e-15  -1.065493543336e-14
   1.628176941655e-17  -8.617354093802e-17  -7.185704693659e-16  -2.198188710275e-16   3.360205112748e-16  -3.913073408548e-16  -8.608011895408e-01  -9.870573025414e-15   2.136816120864e-01   3.304325702278e-01   3.164198171829e-16  -5.056124250415e-15  -4.494206482349e-16   1.243305422550e-15  -2.391414268945e-16   8.997658304186e-16  -8.047092401717e-16  -1.998928993647e-15  -1.600124772434e-15   5.980287782231e-16  -1.765946634704e-15   0.000000000000e+00  -2.592713057377e-15   8.841686739180e-16   8.138533608565e-02  -2.693500708108e-01  -1.416964758809e-16   1.581226223484e-01   2.022211258920e-15  -7.103653115124e-15
   2.889228170633e-01  -8.461770437470e-02  -2.552451990076e-16  -1.117161918529e-15   1.593826353501e-16   1.397579171023e-17   4.232474083194e-15  -9.436895709314e-16   4.672162604393e-15   4.288329632755e-15  -8.386179070612e-01  -2.827257562112e-01   4.212089858333e-16   1.073121688104e-16   2.775557561563e-16  -6.939959228195e-17  -2.375809138267e-16   2.697969384405e-16   3.824262615187e-16  -5.412337245048e-16  -2.339247095806e-17   0.000000000000e+00   1.665334536938e-16   9.057587658041e-16   2.850513391843e-15   1.227812144042e-15   2.938621568305e-15   1.531223848216e-14   9.477695339150e-02   3.422965552316e-01
  -8.461770437470e-02  -2.889228170633e-01   1.097849357327e-16   5.377642775528e-16  -8.854173764352e-17   1.648918800073e-16   5.407504173542e-15  -5.814793091474e-15   6.909715462944e-15  -3.428097238315e-15   2.827257562112e-01  -8.386179070612e-01   8.298597755703e-16   4.260705531027e-16  -4.579669976579e-16   5.303401919782e-16  -7.094142321985e-16   8.696096487090e-17  -5.652851951374e-17   4.839878497975e-16  -6.758637993709e-16   0.000000000000e+00  -4.080069615497e-15  -9.750038676616e-16   5.209779124673e-15   5.553021073016e-15   6.179085021429e-15  -1.847360073707e-15   3.422965552316e-01  -9.477695339150e-02
   3.330669073875e-16   6.170488028169e-17   6.488667236205e-17   7.355227538142e-16   3.593161915204e-17   2.407496812552e-16  -6.946896494089e-02   8.335323167214e-01  -4.319166759558e-01   9.833680719053e-02   7.216449660064e-16  -1.022916971464e-14   7.920403668999e-16  -1.355019572650e-15   5.551115123126e-16  -6.227617902150e-16   1.174905217455e-15  -3.694697089301e-16  -9.925803688479e-16   1.942890293094e-16  -1.943581382241e-15   0.000000000000e+00   0.000000000000e+00  -1.434209952527e-15   2.077853426737e-01   6.220356625660e-02   2.390204799731e-01  -9.874929276287e-04  -9.286044889871e-15  -8.257283745650e-16
   5.273559366969e-16  -2.836434788410e-16  -4.819245451697e-16   6.175615574477e-16  -1.322568614708e-16  -7.224030295684e-16   1.291407504732e-01   4.483838530847e-01   8.029203216469e-01  -1.828052151133e-01   1.817990202824e-15   5.958950144193e-15  -4.120053886839e-16   1.500823209855e-15  -1.665334536938e-16   3.881959406023e-16  -3.088203764177e-16   1.410659566485e-15  -1.784722296703e-16  -5.030698080333e-16  -1.088985534236e-15   0.000000000000e+00   2.109423746788e-15  -4.815156156230e-16   2.289777335235e-01   6.854781687312e-02  -2.168986109392e-01  -1.088209060032e-03  -3.658296189017e-16  -9.436895709314e-16
  -4.763451990097e-17  -2.545698718088e-17   2.778386263850e-17   8.216149322259e-17  -8.460521388461e-17  -2.173697311710e-16  -8.583318498830e-16  -4.176676401024e-17   2.377865295699e-15   5.584613504882e-16   1.241792091722e-16   7.217486834132e-16   7.326183603477e-01  -6.806396536211e-01  -2.542914114205e-18  -2.342636294631e-14   1.187388135828e-15   9.822693498117e-15  -1.952430729796e-15   1.369275308516e-16  -2.326834351235e-15   0.000000000000e+00   4.930380657631e-31  -1.229970207388e-15  -2.546275938742e-15   5.460683266192e-17   9.004596099953e-18   6.396714739924e-16   2.369252468499e-16   2.191495578102e-17
   4.699867183466e-17  -5.861036114795e-17   4.268087617168e-16  -1.267423163082e-16  -4.111232966839e-17   6.064317158767e-17  -1.146616189169e-16   1.248859478630e-17   9.908882009375e-16   2.849945703713e-17  -7.450452291665e-17  -7.672025195954e-16  -6.806396536211e-01  -7.326183603477e-01   2.037211831577e-17  -3.214074986007e-14   1.684910708353e-16   1.009593354641e-15   1.777387905404e-17   6.152294236709e-17   3.900832338860e-15   0.000000000000e+00  -2.563797941968e-30  -3.960963884917e-16   5.042454041828e-16  -1.079026385584e-15  -2.610918757572e-19   5.236645458768e-16   2.872700997374e-16  -2.472819038169e-17
   1.270684946153e-16  -1.367887596234e-17  -1.122238779566e-02  -4.125128837132e-02  -2.589333904608e-01   1.235056479827e-01   1.959922481447e-15   3.035766082959e-17   2.963477866413e-16   1.694910599860e-19  -1.110223024625e-16   1.928724688300e-16   5.762876681150e-15  -6.424692341557e-15  -1.335737076502e-16  -4.131964359463e-15  -4.905902547475e-01  -8.186723176080e-01  -4.375989812136e-02   5.526439257153e-02   1.225807641021e-15   0.000000000000e+00  -2.428612866368e-16   3.804626843568e-16   2.244616877589e-15   6.270275430784e-16  -1.386694578609e-16  -1.299674619507e-15  -1.152078473336e-16   2.904577620089e-16
   9.367506770275e-17  -7.449763017645e-18  -2.529623837632e-01   1.412986087823e-01  -5.966243465237e-03   1.170025876448e-02   2.890507128698e-16  -3.538835890993e-16   1.343881435329e-15  -3.641738023181e-16  -4.683753385137e-17  -2.558234414445e-16   2.298192689260e-15  -2.865149654888e-15   5.030698080333e-16   7.316865217477e-16   7.961237400282e-01  -4.850066789300e-01  -9.636378804674e-02  -1.937570018110e-01   2.413832502565e-15   0.000000000000e+00  -1.096345236817e-15   3.145026307339e-15  -1.507642086858e-15   6.172717279669e-16   5.854691731422e-17   4.444563961875e-16   1.587225052012e-15   9.714451465470e-17
   0.000000000000e+00  -1.738493982949e-16  -1.413863737317e-01  -2.487258078323e-01   2.701469150624e-02  -3.928522423555e-02   1.079057257135e-15  -3.191891195797e-16   3.127291554338e-16   2.561396339135e-16   5.967448757360e-16   3.241398051021e-16  -8.964733339963e-16   8.702506859601e-16  -7.216449660064e-16  -2.938142574655e-16   1.363404536406e-01  -7.311556706855e-04  -4.944624859020e-01   8.079541073531e-01   1.149245885978e-15   0.000000000000e+00  -2.442490654175e-15   7.282615067966e-16  -1.089420311881e-15   1.751042159051e-15  -1.006139616067e-15  -1.144294577173e-16  -7.911726008389e-16   2.928213227449e-15
   7.285838599103e-17  -3.011845425321e-17  -4.662648950146e-03  -2.441850612333e-02   1.277335752474e-01   2.592178361480e-01   1.357562515659e-15  -9.367506770275e-16   3.218567609983e-16   7.567376297077e-16   3.521488656233e-16   9.659713564217e-17  -1.638858421517e-15   1.656228294868e-15   9.020562075079e-17   2.637084554966e-16  -1.509692573080e-01   1.020581531664e-01  -8.125134984393e-01  -4.716847199294e-01  -2.084144131113e-15   0.000000000000e+00  -4.718447854657e-15   1.039918109042e-15   7.590298443495e-17   1.748761536516e-15   1.416401718135e-15   1.974978562504e-15  -1.223308718751e-15   6.227657278757e-16
  -1.318389841742e-16   8.363140071521e-17  -8.580629342783e-17  -1.994931997373e-16  -1.107429260186e-15  -5.500193630301e-16   1.696370691970e-16   6.938893903907e-17  -9.069264798786e-16  -4.841550609783e-16   2.775557561563e-17   2.869364258720e-16  -4.584512024515e-15  -3.809910584467e-14   2.643762276934e-01   9.644196235201e-01  -2.670715282405e-15  -2.941546532809e-15  -1.150296469648e-16   7.945033519974e-16   9.571285395692e-16   0.000000000000e+00  -1.110223024625e-15  -7.535881205484e-17   2.771613350419e-16   1.180635054013e-15  -1.092875789865e-16  -4.233848782028e-16   1.823003044028e-16   4.683753385137e-16
   5.551115123126e-17  -8.815541272644e-17   3.901875194504e-17  -2.151057110211e-16   4.616680486068e-16   5.464189884558e-17  -7.008768894814e-17  -6.106226635438e-16   7.503983197130e-16   8.655690950911e-17   4.718447854657e-16  -2.586759509603e-16   1.273061043177e-15   1.045778395158e-14   9.644196235201e-01  -2.643762276934e-01   3.301443118360e-16   8.914507049225e-16  -2.032337911601e-16   5.828670879282e-16  -5.173405864197e-16   0.000000000000e+00   1.110223024625e-16   6.801916211298e-17   3.668893019255e-17  -4.451841983146e-16   2.775557561563e-16   5.832328807286e-16   4.782098676739e-16  -3.122502256758e-16
   8.778579260965e-18   1.160622676012e-16   1.060473096297e-16  -1.225312843882e-17   1.499489448145e-16   1.455470255590e-16   6.102394362913e-16   3.388623419504e-16   2.058650569358e-16   7.105286644266e-16   1.225576446942e-17  -1.116466484446e-15  -1.750859993641e-15  -1.607625573737e-15  -1.715706531797e-16   6.140921104958e-16  -8.458467965663e-16  -6.444136275264e-17   1.873912833323e-15   1.387203755724e-15  -5.653585216675e-01   0.000000000000e+00  -1.235623486389e-14   8.248452836611e-01  -3.168519465662e-15   5.805486462876e-15   6.216170851563e-16   2.600025943499e-15  -1.992620490876e-15  -2.474563224212e-15
  -2.369394555056e-18  -1.794998577572e-16  -4.362756657326e-16   2.763642436019e-17  -1.515909820746e-16   1.566883439536e-16   8.456160361824e-16  -1.171949331908e-16  -3.375076074050e-16  -6.063103523429e-16   4.282035499298e-16   4.093061974123e-16  -3.629012225744e-15  -3.783799700170e-16  -1.566288038072e-16   8.396061623728e-16   2.799812393341e-15  -3.099186158268e-15  -2.135155386006e-16   9.672176511380e-16  -8.248452836611e-01   0.000000000000e+00   1.234677255693e-14  -5.653585216675e-01  -6.088615213837e-15  -5.574805464384e-15  -2.887097897916e-15  -5.418003637033e-15  -1.931366768617e-15   3.294699830755e-15
  -3.362658258149e-18   3.612323521745e-16  -9.888317930399e-17  -1.248131266234e-17   2.650346189297e-16  -3.156087289521e-16  -1.245248137431e-01   9.094414344997e-15  -4.692047437591e-02  -2.940541397779e-01  -1.049358633362e-15  -8.305762923322e-16  -5.284707339729e-16   2.946377527601e-16  -2.675995738342e-16  -1.942890293094e-16  -1.209809279892e-15  -9.925728540901e-16   2.489494529529e-15   7.629655082883e-16  -2.214082827194e-15   0.000000000000e+00  -7.879648778521e-15  -7.340482986798e-15  -1.293821940555e-01   4.452881615137e-01  -8.022823448301e-15   8.251078134421e-01  -1.034500785591e-14  -3.148439411143e-14
  -2.096400738626e-17   2.341200741042e-16   5.044218067526e-16   1.442573180436e-16   3.102288004306e-16   8.133658271473e-17   2.935451295589e-01   3.736568278228e-15  -7.286838966583e-02  -1.126820836409e-01  -6.235533825203e-18   2.364155468510e-15   1.317728021692e-15   2.187409180502e-16  -2.868962495127e-16   9.992007221626e-16   7.035452679653e-16  -4.079005419685e-16  -7.860883560207e-16   1.083856564178e-15  -1.716560886814e-15   0.000000000000e+00  -6.763955218620e-15   4.098627486797e-15   2.386569799982e-01  -7.898508202307e-01  -2.401302213684e-17   4.636838690369e-01   8.181250399336e-15  -2.119785362597e-14
  -5.151877925421e-02   1.508846160711e-02  -1.721340347639e-16   2.441623292437e-16  -2.031256767597e-16   1.065799408506e-16  -1.829089346570e-15   9.367506770275e-17  -2.070879747240e-15  -1.804073680077e-15   3.374737181282e-01   1.137735211183e-01  -2.052099231007e-16   5.277246964688e-17  -1.526556658860e-16  -4.697605688968e-16  -6.402493075673e-16   4.335269370302e-16   1.883865208160e-15  -2.041335850356e-15   6.186913160351e-16   0.000000000000e+00   1.200428645376e-15   3.869937312605e-15   9.077040364354e-15   2.834219806672e-15   4.322930902134e-15   3.677197560108e-14   2.489376623943e-01   8.990635513785e-01
   1.508846160711e-02   5.151877925421e-02  -1.937591993919e-17   2.406928822918e-17  -5.459719683272e-16   2.298434474511e-16  -3.011010394254e-15   2.857089564934e-15  -3.459313638199e-15   1.452612805272e-15  -1.137735211183e-01   3.374737181282e-01  -3.473181033668e-16   1.872675988469e-16  -3.469446951954e-16   1.270633429759e-16  -1.213465523178e-15   7.213835467022e-16  -1.562205319797e-15   7.533036694429e-16  -2.893656348128e-15   0.000000000000e+00  -7.544312397023e-15  -9.627384435436e-17   1.234688941271e-14   1.654331567748e-14   1.627907877944e-14  -4.550474291062e-15   8.990635513785e-01  -2.489376623943e-01
  -2.914335439641e-16   1.765327532584e-16   4.276632719852e-17  -5.048045315093e-16   2.031742032945e-17  -2.260045488257e-16   2.368987933762e-02  -2.842460661957e-01   1.472895694646e-01  -3.353421342570e-02  -1.734723475977e-16   3.730538095207e-15   8.122260244121e-16  -6.177497380648e-16  -4.996003610813e-16  -3.315307153206e-17   1.719314983887e-15   7.250855598150e-16   1.071824884880e-15   1.325328735646e-15  -5.926315556416e-15   0.000000000000e+00   1.804112415016e-16  -3.370733922565e-15   6.093164291684e-01   1.824077405332e-01   7.009113515003e-01  -2.895756056460e-03  -2.508808777519e-14  -3.160666173230e-15
  -3.191891195797e-16   2.050444024397e-16  -9.134892372319e-17   1.786765180256e-16   5.276556757491e-17   4.848112201799e-17  -4.403878478515e-02  -1.529051049710e-01  -2.738069518341e-01   6.233911059430e-02  -1.526556658860e-15  -2.245494689456e-15   1.343861573696e-15  -1.711100719088e-15   1.249000902703e-16  -7.550144527875e-16   1.843748784509e-15   6.868158396600e-16  -4.295854245321e-16  -7.285838599103e-16  -3.524684984391e-15   0.000000000000e+00   6.383782391595e-15  -7.551751583899e-16   6.714616784531e-01   2.010118253144e-01  -6.360404704609e-01  -3.191099286001e-03  -2.543580170064e-15  -3.134645321090e-15
   3.885780586188e-16   1.740197649377e-16   2.288558154170e-16   3.747002708110e-16   3.825316316540e-17  -3.703937278592e-18  -1.686279151011e-16  -1.110223024625e-16   1.154244552564e-16   7.342211866347e-17   1.110223024625e-16  -1.211037122904e-15   4.715805472161e-30  -3.567609357200e-29   4.440892098501e-16   1.119883449474e-15   3.947588236137e-16  -2.992967711542e-16  -5.702504056771e-15  -5.412337245048e-16   3.300466563084e-15   0.000000000000e+00   1.000000000000e+00   1.724814903971e-14  -4.184136503045e-15  -3.487982757279e-15   3.899658373996e-15   1.104406839217e-14   7.976258291589e-15  -4.024558464266e-15
   0.000000000000e+00   0.000000000000e+00   0.000000000000e+00   0.000000000000e+00   0.000000000000e+00   0.000000000000e+00   0.000000000000e+00   0.000000000000e+00   0.000000000000e+00   0.000000000000e+00   0.000000000000e+00   0.000000000000e+00   0.000000000000e+00   0.000000000000e+00   0.000000000000e+00   0.000000000000e+00   0.000000000000e+00   0.000000000000e+00   0.000000000000e+00   0.000000000000e+00   0.000000000000e+00   1.000000000000e+00   0.000000000000e+00   0.000000000000e+00   0.000000000000e+00   0.000000000000e+00   0.000000000000e+00   0.000000000000e+00   0.000000000000e+00   0.000000000000e+00
