ARMA_MAT_TXT_FN008
20 20
  -2.670017273331e-01   9.207320301049e-01   5.733261088103e-16  -1.229918944468e-15   1.221245327088e-15  -6.129585073333e-16  -1.129738663730e-16   3.885780586188e-16  -1.880006567090e-15   2.011154372379e-15  -2.834652349515e-01  -2.469953266605e-02   9.992007221626e-16  -1.151856388049e-15   0.000000000000e+00  -1.609823385706e-15  -6.643990912991e-16   1.491862189340e-16  -2.114465286890e-16  -2.397171003365e-16
  -9.207320301049e-01  -2.670017273331e-01  -3.504141421473e-16   5.793976409763e-16   1.637578961322e-15  -4.230066153184e-16  -1.049507702966e-16   3.053113317719e-15   2.966377143920e-16  -2.161085980307e-16   2.469953266605e-02  -2.834652349515e-01   0.000000000000e+00   2.775557561563e-17   0.000000000000e+00   2.775557561563e-17  -5.238864897450e-16  -9.020562075079e-17   7.058156142881e-17  -7.537373503119e-16
   0.000000000000e+00   4.811646301675e-17   6.723524862722e-01   4.844438232509e-01  -1.704989590015e-01  -4.463568127698e-01   1.316763538484e-15  -6.383782391595e-16   7.888655007005e-16  -3.272359325786e-16  -6.971419969082e-17  -1.321859288694e-15   4.649058915618e-16   1.491862189340e-16   0.000000000000e+00  -2.385244779468e-15  -3.732498617831e-02   4.738841823274e-02  -2.716483346650e-02   2.838578377249e-01
  -9.298117831236e-16  -1.502503388630e-15   5.115424938493e-01  -7.855365602864e-01  -1.903090807479e-01  -9.328785222679e-03  -5.650861722994e-16  -8.187894806611e-16  -3.668940151691e-16  -7.827262058988e-16  -2.050226308170e-16   5.551115123126e-17   1.554312234475e-15  -1.144917494145e-15   0.000000000000e+00   6.418476861114e-16   4.275790512547e-02   8.147200716676e-02   2.759465006241e-01   1.842876506418e-02
  -2.581268532253e-15   1.081654962626e-15  -2.399156973119e-01   6.627524368410e-02  -9.215121607018e-01   6.254095414724e-02   9.636388909051e-16   6.661338147751e-16   2.177077962351e-16  -3.632619378913e-16  -7.329206686002e-17   1.110223024625e-16  -2.220446049250e-16  -1.124100812433e-15   0.000000000000e+00   3.608224830032e-16  -8.167762603142e-02  -2.625334419934e-01   8.739944893607e-02   4.145250966570e-02
   5.013350845573e-16  -5.005860505863e-16  -3.791501712809e-01  -2.426974858770e-01   2.399748845158e-02  -8.436914018311e-01  -3.989863994747e-17  -6.418476861114e-17   6.356677337283e-16  -1.878210857242e-15  -4.566117449423e-16  -4.284766985663e-16  -9.436895709314e-16   9.471590178833e-16   0.000000000000e+00  -6.956241138667e-16   2.739696869234e-01  -8.452726596583e-02  -2.071120307225e-02   4.815407577453e-02
   1.378245496401e-16   8.847089726831e-17   4.645529711084e-16   1.858847931251e-16  -4.840447927567e-16   9.807510736632e-16  -6.200656462884e-01   5.646195567717e-03   6.899322653152e-01  -3.734704594015e-01  -6.840493181948e-15   1.539812559769e-16  -2.631336540683e-17  -6.754017454670e-16   0.000000000000e+00  -1.511627925749e-17   1.273850033414e-16   9.943247085307e-18  -1.608740402489e-15   4.747132227272e-16
  -1.860650101767e-17   5.854691731179e-17  -2.757223532942e-16  -9.878364384986e-17  -5.361117283997e-16  -1.574526957416e-15  -3.084345677751e-01   1.657667463108e-04   2.233288915898e-01   9.246579346461e-01   5.516065299211e-15   9.557792265944e-17   4.004666420732e-16  -9.959404513250e-16   0.000000000000e+00  -1.209840421518e-15  -6.544653857671e-17   1.359535177456e-16   2.196267668652e-15  -2.026956890689e-16
   7.924825719225e-02  -2.732806617235e-01  -2.190088388421e-16   5.429684479807e-16  -4.336808689942e-16   5.701744647975e-16   1.200211804941e-16   1.075528555106e-15  -5.550030920953e-15   7.032738378199e-15  -9.550457013499e-01  -8.321719770007e-02   1.394717674685e-15  -2.501471252359e-15   0.000000000000e+00  -5.046310591617e-15  -6.071532165919e-17  -1.647987302178e-16  -6.833319717361e-16  -8.194942120732e-16
   2.732806617235e-01   7.924825719225e-02  -2.289834988289e-16  -4.857225732735e-16  -2.775557561563e-16   4.736489394240e-16  -3.738329090730e-16   1.076916333886e-14   2.463307335887e-16  -5.744103109828e-16   8.321719770007e-02  -9.550457013499e-01  -3.386180225107e-15  -7.216449660064e-16   0.000000000000e+00  -5.967448757360e-16  -8.118505867571e-16  -8.326672684689e-16   6.613633252162e-16  -2.418638206381e-15
  -1.665334536938e-16  -1.545051140227e-16   6.800116025829e-16  -4.857225732735e-16   3.053113317719e-16  -4.600176533134e-16  -1.542541195448e-01   9.757899841732e-01  -1.543822959332e-01  -1.434155128221e-02   9.480263796213e-16   1.135203042679e-14  -3.108624468950e-15  -6.661338147751e-16   0.000000000000e+00  -3.330669073875e-16  -5.412337245048e-16   4.579669976579e-16  -1.190453985389e-16   1.893450674029e-15
  -5.551115123126e-17  -3.081881214183e-16  -4.588343593959e-16   8.933825901281e-16  -5.551115123126e-16   2.822865779918e-16  -7.046931093020e-01  -2.186366844432e-01  -6.710318786471e-01  -7.295094075626e-02   3.363520399702e-15  -2.130240428500e-15  -6.245004513517e-16   6.591949208712e-16   0.000000000000e+00   1.967176421758e-15   1.481453848484e-15  -8.708311849404e-16  -1.023215800283e-16   4.625856989127e-15
  -1.112701694865e-16   1.110223024528e-16  -8.248745738100e-16   5.265815934680e-16  -2.718054756871e-16   8.570436671017e-16  -5.152128723650e-16  -5.746271514135e-18   1.734723475989e-16   5.113097445443e-16   9.280431274561e-17   6.387117275201e-17  -1.126520482756e-01   8.655350827343e-01   0.000000000000e+00  -4.880148938049e-01  -1.180896279156e-15   8.446608810589e-16   8.577897849512e-15  -8.725331660242e-16
  -1.340037999274e-16   2.715589560831e-16   8.128056386905e-16  -1.228914392592e-16   1.644191403013e-16   2.874049180051e-17   1.054693173999e-15   7.125985228984e-17   2.053908035732e-15   1.458902256152e-15  -5.635240212981e-15  -3.267262765448e-16  -3.042841677919e-01   4.374947067043e-01   0.000000000000e+00   8.461734614350e-01  -7.762200834725e-16   3.661679164607e-17   3.949480600297e-16   6.173394957026e-15
   7.632783294298e-17  -1.571310294484e-16  -2.048622453842e-01  -1.476074699209e-01   5.195013075713e-02   1.360025593324e-01   2.875846262518e-15  -7.945033519974e-16   2.382967954906e-15   9.250853392779e-16  -6.220338914092e-16  -1.979319486090e-15   1.276756478319e-15  -1.575128916187e-15   0.000000000000e+00  -5.325601071249e-15  -1.224996202204e-01   1.555275388080e-01  -8.915426698619e-02   9.316139368888e-01
   2.428612866368e-16   5.886375749108e-16  -1.558642914826e-01   2.393488339188e-01   5.798617004477e-02   2.842431501994e-03  -1.441988889406e-16   3.053113317719e-16   8.187894806611e-16  -2.279596054023e-15  -7.258733544790e-16  -2.775557561563e-17   3.469446951954e-15  -6.408068520258e-15   0.000000000000e+00   3.899658373996e-15   1.403303169161e-01   2.673889787620e-01   9.056491371789e-01   6.048272089661e-02
   6.210310043997e-16  -3.859505157703e-16   7.310104366050e-02  -2.019371611130e-02   2.807798799658e-01  -1.905589784625e-02   1.654492515213e-16  -7.632783294298e-17   7.874560378762e-16  -5.029579996842e-16  -2.243485345416e-16   7.702172233337e-16  -2.955968803064e-15  -2.870967352742e-15   0.000000000000e+00  -9.540979117872e-16  -2.680638144527e-01  -8.616278325119e-01   2.868426863173e-01   1.360460434459e-01
  -5.620504062165e-16   4.438131126505e-16   1.155250512377e-01   7.394863991882e-02  -7.311907768838e-03   2.570683064604e-01   1.560248241370e-15   9.645062526431e-16   1.134942834158e-15   1.114935915944e-15  -1.122013723251e-16  -1.007006977805e-15  -2.633310236533e-15   8.144526719711e-16   0.000000000000e+00  -1.564720575331e-15   8.991612867501e-01  -2.774162575605e-01  -6.797362224162e-02   1.580404066666e-01
  -9.992007221626e-16   1.385349893946e-16   1.387778780781e-16  -3.469446951954e-16  -8.881784197001e-16  -1.825040800944e-17   4.978656376053e-16  -2.664535259100e-15   4.336808689942e-16   1.463672932855e-17  -2.775557561563e-17   3.053113317719e-15  -9.458967497832e-01  -2.438183794586e-01   0.000000000000e+00  -2.140839475245e-01  -1.124100812433e-15   4.857225732735e-15   1.834253235411e-15  -1.232521029682e-15
   0.000000000000e+00   0.000000000000e+00   0.000000000000e+00   0.000000000000e+00   0.000000000000e+00   0.000000000000e+00   0.000000000000e+00   0.000000000000e+00   0.000000000000e+00   0.000000000000e+00   0.000000000000e+00   0.000000000000e+00   0.000000000000e+00   0.000000000000e+00   1.000000000000e+00   0.000000000000e+00   0.000000000000e+00   0.000000000000e+00   0.000000000000e+00   0.000000000000e+00
