ARMA_MAT_TXT_FN008
42 42
   8.895490274993e-01  -3.929687832555e-01  -3.640946242180e-16  -1.213439071446e-15  -2.935387930078e-16  -1.850931398593e-16  -2.997778164757e-17  -4.744815230063e-16  -3.235081273138e-16   1.955900719164e-16  -1.593294278529e-02   2.281626195024e-01  -4.621011633279e-16   3.018418848200e-16   1.304952054166e-16  -3.910775018992e-16  -1.255930376342e-16   1.450368579527e-16  -1.001802807377e-16  -3.422894599233e-16  -4.856012001478e-16  -2.602085213965e-16  -4.496334753091e-16  -1.752426587305e-16   6.355442115648e-16  -1.518796429562e-16  -6.696274214749e-16  -1.603209752454e-15   2.082177969066e-02  -3.914686383697e-02  -2.777339577818e-16  -5.064653546427e-17   0.000000000000e+00   2.359223927328e-16  -5.713745448999e-17  -5.041754527840e-17  -2.034722157527e-17   3.809024905797e-16   3.191738498855e-16   6.643492452519e-17   2.389581588158e-16   4.577642999065e-17
   3.929687832555e-01   8.895490274993e-01  -3.486606251278e-16   3.217912047937e-15  -1.188335662556e-16   8.110169438769e-16   5.110333109835e-16   1.000224153781e-16  -4.265756816158e-17   4.075732806808e-15   2.281626195024e-01   1.593294278529e-02   4.442440089104e-17   4.475586568020e-16  -1.203804369976e-16   1.801914875182e-16   9.988160375741e-17   6.705246514593e-17   5.776629175003e-16   8.951104211058e-17  -2.609957485914e-16   1.942890293094e-16  -1.179745139824e-16  -9.762358355168e-17   5.018984969681e-16  -1.154519689912e-16   3.637050897675e-19  -8.838416110102e-16  -3.914686383697e-02  -2.082177969066e-02   1.525712341526e-16   1.390403496654e-16   0.000000000000e+00   2.775557561563e-16   1.398620802506e-16  -1.219275938878e-16  -2.457314942750e-16  -1.266229127880e-16   6.711821190548e-18   6.545540688888e-17  -1.153591111525e-16  -5.535078154702e-16
  -4.654548237093e-16  -3.172375556693e-16  -2.526149945552e-02   1.713453720756e-01  -9.226730963271e-01  -2.525617268299e-01   1.003600287480e-16   1.312280345995e-16  -7.149385794489e-17   1.255506115738e-16   3.152859917588e-16  -2.268204934167e-16  -1.920030712454e-15   2.524890019284e-15  -6.732680412922e-16   2.484465357003e-16  -1.489117409455e-01   1.558178175562e-01  -6.355070556012e-02  -3.664613340460e-02   6.024292176017e-16   6.071532165919e-17   1.251018519820e-16   1.754198689759e-16   3.487138207888e-16   1.755646548626e-16  -1.586668244739e-16  -7.155734338404e-18  -8.370040771588e-17  -1.504290304657e-16   8.538696687738e-17   4.369991066267e-17   0.000000000000e+00   4.093947403305e-16  -4.320545657355e-17  -5.434104294666e-16  -1.142848734189e-17   1.241135528630e-15  -5.480896916629e-02  -1.972650989636e-03   6.762090445565e-03  -6.173476218157e-04
   5.071932889049e-16   2.187106832446e-16   9.590184888597e-01   1.660635028429e-02   1.986753760635e-02  -1.572370711271e-01   1.725297840939e-16   1.076489119043e-15   2.683101372203e-16   1.452898673766e-16   1.892542654709e-16  -1.204522834933e-16   4.688472793304e-16   7.514605257497e-16  -7.888022877685e-17   8.030362909760e-16   1.095245696879e-01   5.722528990592e-02  -6.119248937090e-03  -1.911222638847e-01  -3.950854605653e-16   3.469446951954e-17  -4.162468531261e-16  -6.975730390203e-17   1.792408216136e-16  -2.445734502687e-16  -5.730993620820e-16  -1.849513380989e-16  -1.789204635144e-16  -1.387459343659e-16   6.978478159284e-17  -1.866288901967e-16   0.000000000000e+00  -1.431146867681e-17  -2.662665010353e-16  -6.820020501224e-16  -1.783659396063e-16  -5.593757889256e-16   2.039965020276e-03  -5.522386437716e-02   4.140070131795e-04  -1.156824951809e-04
   2.179725530443e-16   2.430347589844e-15   2.054856650856e-02  -9.554172926446e-01  -1.785007100267e-01   1.870369376787e-03   2.222960717300e-16  -6.203078239524e-16  -2.852442509561e-17   2.194425197111e-16  -4.293440603043e-16  -5.449003076472e-17   3.212127838829e-15  -1.415534356397e-15   2.661352796917e-16   1.986595272985e-15  -1.252606956553e-01  -9.009527238416e-02   1.319939536145e-01  -1.029841073043e-01   7.017877971432e-16  -1.526556658860e-16   3.453214142575e-16   1.569604750921e-16   2.187978803853e-16  -8.696796096326e-18  -3.052057276547e-16  -1.530893467550e-16  -5.290906601729e-17   1.517663579412e-16  -6.714147241555e-17  -6.810433093791e-17   0.000000000000e+00   3.608224830032e-16   3.443426099814e-16  -2.400207597180e-16   1.093708894236e-16   1.149054057546e-15  -6.769497937850e-03  -6.710679064835e-04  -5.453469306801e-02   5.806225606213e-03
   6.502924382643e-17   8.009543549237e-16  -1.559923059533e-01  -5.150959081290e-02   2.480475422478e-01  -9.255247310332e-01  -2.686702893907e-16   1.143434500832e-15   1.691666411083e-16  -5.030427029790e-16  -1.591066688122e-17  -2.774906376511e-17  -3.766151216503e-15   2.546031961648e-15   4.780732717260e-16  -2.374255141488e-15   4.444041288416e-02   1.271394744024e-01   1.741751674452e-01   5.795813080928e-02  -8.159993211371e-16  -2.844946500602e-16  -3.749737087692e-16   4.030246314190e-17  -3.625205749714e-16  -2.295209269596e-16  -6.698035640357e-16  -1.966471690346e-17  -1.758575923771e-16  -4.012196297664e-16  -4.782518838510e-16  -3.032282685983e-16   0.000000000000e+00  -3.035766082959e-16  -6.824375049438e-16  -4.803961143862e-16  -3.505104694864e-16  -2.486036770196e-16   1.038151846251e-04  -6.750902592309e-05   5.838785940156e-03   5.495375039032e-02
  -1.666283151678e-17  -1.013579189130e-16  -3.009686377803e-16  -1.702012328661e-16   1.620892514908e-16   4.457180831761e-17   3.540448249769e-01   4.751818634058e-01  -7.651205818097e-01   2.876369970034e-15  -5.777996772078e-16   7.720883546059e-16  -6.673614403854e-16  -1.457494102428e-17  -1.623955652660e-15   7.132137795540e-16  -1.272530630900e-15   4.966706379968e-16  -8.886582787046e-17  -4.715343810821e-16  -4.800305118680e-16  -3.626345310879e-18  -5.936311826219e-16  -3.082862932638e-17  -8.360679467246e-02  -9.799003912899e-02   2.164550992804e-01   5.744095387864e-16   3.145915258324e-16  -5.152144669822e-16   5.246604405001e-16  -2.880638515141e-16   0.000000000000e+00   1.736647642499e-17   4.778680260129e-17   5.855272985729e-16   4.729134248565e-16  -2.581364701828e-16   2.269472633073e-16  -3.790876571345e-16   3.394464383543e-17   1.276382969288e-16
  -6.165044619241e-17   2.139993785041e-17   8.793338951100e-16   1.811842123202e-16  -1.972121195256e-16  -6.691634670084e-16  -6.742998470638e-02  -8.058198368122e-01  -5.316602617030e-01  -1.017259076311e-15   5.256919117047e-16  -2.775326918364e-15   8.120667906910e-17  -6.725248661010e-17   1.594069222007e-15  -1.821243243526e-15   2.624257693682e-15   5.595628521681e-17  -1.043304444364e-17   4.999499754402e-17   2.297899747799e-15   2.628999392228e-17  -1.129614996920e-15  -2.495174838743e-15  -2.034761325188e-01   1.480140420685e-01  -1.158709342791e-02  -6.655879611547e-16  -1.873463023660e-16  -4.052299207492e-15  -7.196727159631e-16  -9.393673288027e-17   0.000000000000e+00  -1.453478322797e-17  -2.674096091588e-17   6.070184660222e-16   3.168695901792e-16   8.159666964243e-16   8.331065779961e-17  -2.569130047881e-16   9.577094904322e-19   6.464078479258e-17
  -2.119676672177e-01   9.363921908860e-02   7.062363514348e-17   2.693158196454e-16   7.049577767563e-18   3.982467520077e-17  -2.322326447657e-16  -2.475638352452e-15  -8.105692367096e-16   1.017523738878e-15  -6.478089026326e-02   9.276740533964e-01  -2.058938729712e-15  -6.114900252818e-17   2.208156322816e-16  -1.670586716155e-15  -3.706578706046e-16   3.873908780848e-16  -8.337514706414e-17  -5.321716847320e-16  -2.237360461134e-15  -1.078998002058e-15  -1.305279695041e-15   3.519828276279e-16   2.786702032334e-15  -1.415695985133e-15  -8.491270303089e-16  -1.058419844824e-14   1.340820820808e-01  -2.520866654137e-01  -1.638640195705e-15  -2.625931907980e-16   0.000000000000e+00   9.055256544599e-16  -1.799775606326e-17  -1.024134563524e-15  -2.965768032026e-16   1.330483820512e-15   6.835136889724e-16   1.661588336015e-16   3.393552799880e-17  -1.377618651859e-16
  -9.363921908860e-02  -2.119676672177e-01  -1.048294857665e-16  -9.480263796213e-16   1.383734250900e-16   2.558290896045e-16   1.339747530231e-15   1.728804137654e-17   1.638159069953e-16   1.557196212254e-14   9.276740533964e-01   6.478089026326e-02   2.354225553094e-16  -4.059252933786e-16  -4.398555500648e-16   8.462687057138e-16   3.746350430155e-16  -3.164159909301e-16   1.148386941097e-15   2.067924772933e-16  -1.346923058733e-15  -6.869504964868e-16  -2.569558659295e-16   1.233692648446e-17   2.462751159150e-15  -8.009386182207e-16   9.101469153244e-16  -5.748656758953e-15  -2.520866654137e-01  -1.340820820808e-01   4.154129161875e-16   8.610977600922e-16   0.000000000000e+00   7.632783294298e-16  -2.892651396191e-16  -1.368695561745e-15  -3.233596035184e-16   9.379362089543e-17  -1.570602293645e-16   5.944445782798e-16   1.687018580387e-16   6.031926392386e-17
  -1.294269917292e-16  -2.265982540495e-16  -1.455439772608e-16   4.180683577104e-16   1.402412126622e-16  -4.603964310384e-16   8.466699926504e-01  -2.336114340027e-01   2.466947267219e-01   3.229123400674e-01  -6.723571352452e-15  -9.585678089060e-16   3.044860813772e-16  -1.301042606983e-17  -1.952274126809e-15  -4.216669702849e-16   6.904929003734e-16  -1.383899829758e-16   3.556725226839e-16   1.246095220428e-16   1.179247076337e-15   3.469446951954e-17  -2.675848989818e-16   7.453583314301e-16   2.806116190202e-02   4.087292013564e-02   2.934208002461e-02   2.452059783539e-01   3.407105327036e-16  -9.593654741137e-15  -2.588728232150e-16   2.233806643763e-16   0.000000000000e+00  -9.454242944074e-17   4.829307526794e-16   5.506125746209e-16   8.268892289028e-16  -1.105066327782e-16  -4.624398749688e-16  -5.426818236702e-16   1.837722682363e-16  -1.902946283397e-17
  -1.491837420656e-16  -2.151057110211e-16  -1.535660410158e-16   2.775557561563e-16   1.706676607419e-16  -2.557978294259e-16  -2.996838813259e-01   8.268815698175e-02  -8.731906628131e-02   9.122952738800e-01  -1.488034955671e-14  -1.945667060330e-15   1.796676912182e-16  -2.020952849513e-16   6.441228308424e-16   1.842060465204e-16   2.312002786054e-16   1.603593071587e-16   4.185020385794e-16  -2.113152987709e-16   9.471549406311e-16  -2.046973701653e-16   1.223375799302e-15  -1.208368717572e-15   1.194357252286e-01   1.739659560661e-01   1.248876514697e-01  -5.761060725141e-02   8.994541222940e-16   2.786942805999e-15   6.520160982495e-16  -2.232877223823e-17   0.000000000000e+00  -4.371503159462e-16   4.472333961503e-16  -5.847731600325e-16  -7.880468437190e-16  -1.908493948765e-16   5.016976642384e-17  -4.680821608831e-17  -2.419939248988e-16   2.606777593451e-16
   5.387806873363e-17   4.818995624036e-17   1.956068760335e-17  -5.129525680118e-17   1.057163243352e-16  -4.801391505960e-16   1.818578609026e-15   2.167536983233e-15  -1.942890293094e-16   1.850478190028e-16   3.813016300682e-16  -2.517148731426e-15  -2.254149600989e-01  -6.652310090927e-14   4.562174654408e-01  -8.227505256241e-01  -5.950424527116e-15  -1.022530484458e-14  -6.255597074587e-15  -1.197971317126e-14   8.257283745650e-16  -7.457050540127e-17  -4.996003610813e-16   1.379945661834e-15   1.653299892823e-15  -2.952429618317e-16  -2.515914895179e-15  -2.386183973143e-16  -5.911015092326e-16  -2.044383532895e-15  -1.998401444325e-15   2.232481881368e-17   0.000000000000e+00  -2.254485124074e-16  -6.425821308066e-16  -3.495419239896e-02  -2.435535581414e-01  -5.995966415946e-02  -1.004022989004e-15   1.581982983116e-15  -1.829659346753e-15   9.099052301802e-16
  -3.983765102105e-17  -5.626883597416e-18  -6.332566419186e-18   3.063725519884e-17   4.949719255507e-17   1.447399751862e-16   4.298608199046e-16  -9.714451465470e-16   1.110223024625e-16   1.387437914279e-16   1.443553742358e-16  -1.148911070522e-15  -8.725149122679e-01  -3.165293862269e-14   2.150023267218e-01   3.582686628755e-01  -2.567312901754e-15  -1.514873566866e-14  -1.819402368022e-15  -5.725784745406e-15  -3.830269434957e-15   1.767358599109e-17   1.547373340571e-15   3.501087406576e-16   3.843632226733e-16   8.162802559188e-17  -3.496878637242e-16   2.283021441255e-16   9.293371119169e-16   1.058647765027e-15  -1.887379141863e-15   1.505010292671e-15   0.000000000000e+00  -1.486061736049e-16   1.508574612818e-15  -2.504041029744e-01   3.037545278823e-02   2.259224772380e-02   3.259181371243e-15   2.826815437555e-15   6.082081929456e-16  -3.546151494332e-16
   8.803021268712e-17   5.160802341031e-17   6.069086767799e-03  -4.116580380427e-02   2.216726322910e-01   6.067807008269e-02  -4.190166087570e-17  -1.818237708579e-15  -5.872550100665e-16   2.112025832002e-16   7.274996577378e-16  -6.781708959262e-16  -8.448787496979e-15   8.533104778330e-15  -3.430385262155e-15   9.479908502733e-16  -6.039098008763e-01   6.319173127377e-01  -2.577291333556e-01  -1.486179597844e-01   1.052331618153e-15  -3.087807787239e-16   8.619455710225e-16   1.780874291189e-16   1.095517808872e-15   4.065347597440e-16  -9.954338323070e-16  -4.292898501956e-16   1.917953643127e-16  -8.214047827375e-16   1.264841830230e-15   5.390058192100e-16   0.000000000000e+00  -2.255140518770e-16  -2.313145334998e-16  -2.079352004396e-15  -1.097082865504e-16   6.069248781510e-15  -3.023057413022e-01  -1.088040386133e-02   3.729715767317e-02  -3.405058210233e-03
  -9.753690732253e-17  -1.282069068964e-17  -2.304046294268e-01  -3.989683231168e-03  -4.773184972958e-03   3.777627806557e-02   7.015514362385e-17   7.418421699959e-16   1.172102163233e-16  -8.181660644119e-17   1.293656479683e-16  -4.417395773908e-16   2.035841510189e-15   3.030128231662e-15  -3.951774314601e-16   4.669570774429e-15   4.441755945588e-01   2.320764851230e-01  -2.481654155439e-02  -7.750940764832e-01  -1.780830502178e-15  -9.974659986867e-17  -2.465792765533e-15   2.133069200822e-16   9.380892192875e-16  -7.950143102819e-16  -2.157334395194e-15  -1.034464397823e-15  -5.478473577569e-16  -3.588966827059e-16  -1.377550007931e-16  -9.365996832645e-16   0.000000000000e+00   3.556183125752e-17  -1.595979479217e-15  -4.417646648366e-15  -7.582987456027e-16  -2.299352530363e-15   1.125168283706e-02  -3.045941478567e-01   2.283507588764e-03  -6.380613062662e-04
  -9.648808713659e-17  -6.054184931159e-16  -4.936802477381e-03   2.295394403933e-01   4.288487701109e-02  -4.493570959852e-04  -4.885514243526e-17  -1.450412708687e-15  -6.581238086045e-16  -3.885780586188e-16  -1.092442108996e-15  -1.075136111595e-16   1.299562976149e-14  -2.962907696968e-15   1.419187733475e-15   8.001179557845e-15  -5.079932669549e-01  -3.653803095710e-01   5.352999148228e-01  -4.176508268636e-01   2.611709973309e-15   2.636779683485e-16   1.252787543368e-15   5.799430474603e-16   8.685239442399e-16  -1.863266837606e-16  -1.364920608220e-15  -2.795073200668e-16  -3.725318664660e-16   5.707541117874e-16  -1.476557236971e-16  -3.326391004183e-16   0.000000000000e+00  -1.110223024625e-16   3.113611798944e-15  -6.577210715570e-16   5.617904959578e-16   4.516271339596e-15  -3.733801462561e-02  -3.701359175686e-03  -3.007929370938e-01   3.202496530684e-02
  -1.514510625306e-16  -1.938553484404e-16   3.747722266474e-02   1.237520269008e-02  -5.959353517760e-02   2.223577388300e-01  -3.483928324621e-17   4.376880228624e-16   1.578313507370e-16  -4.345482307322e-16  -1.630206386549e-15  -1.056213328229e-16  -1.619812741627e-14   1.067375354769e-14   2.294981017299e-15  -1.088943858432e-14   1.802275678555e-01   5.156126319011e-01   7.063653276872e-01   2.350485127228e-01  -1.479168283664e-15  -1.054711873394e-15  -6.058654212927e-16  -1.990936149488e-17  -7.570263102265e-16  -5.152891611347e-16   4.013881314029e-16   1.160096324559e-17  -4.391018798566e-16  -1.548414245273e-15  -2.408156981947e-15  -6.402021144951e-16   0.000000000000e+00  -9.575673587392e-16  -3.330994334527e-15  -1.404113699469e-15  -9.254169437082e-16   2.680122240621e-16   5.726056669911e-04  -3.723544966584e-04   3.220455591107e-02   3.031043002958e-01
  -8.695788977818e-17  -5.854691731422e-17  -6.166410443923e-17  -1.214306433184e-17   3.088242737956e-17  -1.631618697460e-16  -1.754580116967e-15  -3.107600645858e-16   3.215695595914e-16   1.637145280453e-16   1.756407519427e-17  -1.526094102756e-15  -3.441310144811e-01   2.010233043152e-01  -8.075129535564e-01  -3.534841060886e-01  -9.868688059699e-16  -1.463849157332e-14   5.637851296925e-18  -7.025163780637e-15   1.918207832515e-16  -2.428612866368e-16   6.321469526803e-16  -2.318363501083e-15  -9.527476214732e-16   1.041180949086e-15  -9.729352516783e-16  -8.754932542820e-16  -1.322726650432e-17  -3.854397616083e-16  -5.450387111618e-16  -1.360843763761e-17   0.000000000000e+00  -2.046973701653e-15   1.729053839519e-01   1.062046682033e-02  -4.559594311998e-02   1.790174193526e-01   3.035848053743e-15  -1.777940534255e-15   3.533848560999e-15   9.696141623633e-16
   2.374770322151e-16  -2.844946500602e-16   2.364958340381e-17   1.283695372223e-16  -3.643993527601e-16  -1.005210426662e-17  -5.646744152432e-16   2.385990436587e-17  -2.921809730217e-17  -5.681219383824e-16  -3.295974604356e-17   1.419841224416e-16  -7.310523873271e-02  -9.462844913378e-01  -1.715434667769e-01  -7.509215640673e-02  -1.073327230010e-15   1.195869645268e-14   4.123437702397e-15  -1.301237893930e-15  -3.889524985466e-17   7.494005416220e-16  -3.365667951905e-16  -3.576160252610e-16  -2.876235764587e-16   3.745924726016e-16  -7.935896127202e-16   7.051650929846e-16   7.459310946700e-17   3.509672427883e-16  -1.646506512987e-15   5.215029704689e-16   0.000000000000e+00   1.387778780781e-15   1.850378901095e-01  -9.924107393524e-03   4.260632266798e-02  -1.672796615273e-01  -2.569975676515e-15  -1.288366345538e-16   1.899522206195e-16   1.434272053287e-15
   1.003888559834e-17   2.268059160981e-17   8.381841525554e-17   2.171366141811e-17  -7.805466051614e-17  -2.454200364896e-17   4.336808689942e-18  -1.003463499210e-15  -3.136668823401e-16  -1.704812701484e-17  -3.683706098924e-17  -4.232725281383e-16   2.516434741743e-15  -1.502066467402e-29  -6.356436412308e-17  -1.430972608219e-15  -3.695902787835e-15  -1.443703758896e-15  -1.216553108871e-17   9.167355751293e-17  -9.930513964405e-01   1.863952335026e-18  -1.176814515020e-01  -9.174952464441e-14  -3.804291333688e-16   8.474124180147e-15   9.856921960216e-16   2.962023708696e-18  -7.193411823945e-17   9.270362255620e-15  -3.364675626539e-17   5.967448757360e-16   0.000000000000e+00   1.745210308056e-29  -7.654894444193e-31   8.970111402450e-16   9.515220015342e-17   6.317723672119e-16   6.129301030329e-16  -6.539832555722e-16  -3.519610336290e-18   4.329747474454e-19
  -1.726830187700e-17  -2.159421991165e-18   1.397062544504e-17  -3.937431081637e-17   5.385225889669e-17   2.512511178367e-16  -6.245004513517e-17   5.270439921885e-17   1.786667259156e-16  -4.832226564516e-18   3.590133491901e-18  -1.094610513341e-15  -9.665951280144e-16  -2.627584741726e-29  -2.417190468614e-16   1.269593624288e-15  -2.264959993450e-15  -3.458950292782e-16  -3.071728605247e-17   8.674288938271e-16   1.176814515020e-01   5.391499672524e-17  -9.930513964405e-01  -7.826517212095e-13   5.872561895202e-15   4.985161589088e-16   3.787092267347e-16  -3.153566855310e-18   2.499837989600e-17  -6.938893903907e-17  -8.734620903525e-16  -2.220446049250e-15   0.000000000000e+00  -4.971056298057e-29  -1.377617689220e-30  -1.013567317266e-15  -5.541150837304e-16   2.010674092774e-15   1.037925847006e-15   2.206777058706e-15  -2.058560705028e-17  -8.193720700586e-17
   1.588694995866e-17  -1.282217052155e-17   2.018734097131e-16   2.068793609654e-17   6.696873804400e-18  -4.092858750874e-16  -9.214889668573e-02  -1.236777982584e-01   1.991414998084e-01  -7.406174268425e-16   1.403282458083e-16   9.360323930882e-16  -1.344443144905e-15  -2.097712969258e-17   4.906488123432e-16  -2.889665627214e-15  -5.699256761741e-16   2.594936052308e-16   7.003949351801e-17  -2.168796556180e-15  -2.097915989756e-15  -4.469024810530e-17  -2.288649669953e-15  -1.665334536938e-15  -3.212252566370e-01  -3.764870497714e-01   8.316410776077e-01   2.231692459919e-15   1.098962447800e-15   1.942890293094e-16   1.673536840201e-15  -1.054711873394e-15   0.000000000000e+00   3.037138161139e-17  -1.751938941097e-17   5.693952627076e-16  -3.396809541238e-16  -2.894928670552e-15  -3.298653292477e-16  -1.815221262211e-15  -1.336370048567e-17  -1.120602111358e-16
  -9.608741753652e-18  -8.984404691352e-18  -1.632295766846e-16  -1.790196746441e-17   1.636656372732e-17   1.771621295062e-16   1.755031638899e-02   2.097344845940e-01   1.383776942108e-01   2.596986546387e-16  -1.142200551464e-16  -8.109832250192e-17  -4.210848865264e-16   4.901424344070e-17   1.888979563634e-15  -4.563804871141e-16  -1.415300996328e-15   1.303859399800e-16  -4.992782213657e-17  -9.873149118117e-16   5.255883215578e-15   9.477722458681e-17  -4.092689494235e-15  -8.104628079764e-15  -7.817746529325e-01   5.686840266466e-01  -4.451871495181e-02  -2.606890059352e-15  -7.313497874293e-16  -1.655967030167e-14  -2.017885023947e-15  -6.453171330634e-16   0.000000000000e+00  -4.892050867544e-17  -3.350757651069e-17   1.877286516532e-15   2.492696831137e-15   8.159366186603e-16   5.657113781734e-16  -1.360734243502e-15  -4.589719665017e-18   6.608249122213e-16
   2.201926399645e-02  -9.727269788819e-03  -3.948036449020e-17  -2.211772431870e-17  -7.214071816287e-17  -1.680002613928e-17   2.769105364884e-16   2.467608187179e-16   6.667686944388e-16  -4.927698873947e-16   2.005877991811e-02  -2.872453527143e-01   1.091054056313e-15  -7.216449660064e-16  -3.799004601692e-16   2.259800491358e-15  -1.770699426121e-16  -1.530411856222e-15   2.101183810277e-16  -1.692520933957e-16  -7.574418728166e-15  -3.573530360512e-15  -7.395932336864e-16   2.037109282353e-15   1.196941941070e-14  -7.722393995618e-15   1.038539444689e-15  -3.495549119256e-14   4.495641762292e-01  -8.452220633532e-01  -2.350959581035e-15  -1.272344975319e-15   0.000000000000e+00   3.358424649491e-15  -2.387413183813e-16  -1.310667308726e-15  -1.026777935037e-15   8.640493224191e-16   2.811941999556e-16  -5.511053013526e-16   9.378348792000e-17  -5.423373272630e-16
   9.727269788819e-03   2.201926399645e-02  -1.403224691272e-16   1.370431546022e-16   6.812386935624e-17  -2.796350039818e-17  -1.411785794769e-16  -3.928500707480e-16   1.427692816706e-16  -4.510064197105e-15  -2.872453527143e-01  -2.005877991811e-02  -9.485000089138e-17   1.422473250301e-16  -8.518694407188e-17   1.341787287389e-15  -4.029589812350e-16  -9.333456245485e-16  -2.105520618967e-15  -5.753750197619e-17  -3.887074430932e-15  -2.657596365196e-15  -4.843275260956e-16   1.017064523579e-15   7.900005116875e-15  -3.145778230689e-15   2.691385652299e-15  -1.978072653591e-14  -8.452220633532e-01  -4.495641762292e-01  -1.019011536316e-15   1.487864868298e-15   0.000000000000e+00   1.471045507628e-15   8.684459401609e-16  -2.976583168220e-15   1.762094272996e-15   3.170772185846e-16   4.562046401729e-16   6.618363805653e-16   4.999256217331e-16   3.488879364125e-16
  -1.107082746250e-16   3.534499082303e-17   7.940814766501e-17  -9.887923813068e-17   8.830858446300e-18   1.356566757188e-16  -2.203667450435e-01   6.080313671559e-02  -6.420838628863e-02  -8.404589973984e-02   1.545204936226e-15   3.904158426934e-16  -1.237638946484e-16   7.173081573164e-16   3.540346560524e-16  -7.546343129668e-16  -1.191878965214e-16   5.099493413931e-16   2.868798948397e-16  -8.366560566441e-16   1.176769055983e-15   2.671474153004e-16   9.610759259104e-16  -2.602219002274e-16   1.078136528116e-01   1.570376464199e-01   1.127350620616e-01   9.421046893886e-01   3.845665105806e-16  -3.906933026183e-14   3.063455199132e-16  -4.973628823273e-16   0.000000000000e+00   6.591949208712e-17   8.763064059114e-16   9.732584537191e-16  -8.938893380616e-16   1.102222889356e-15  -3.619652078066e-16  -2.094914333494e-15   2.861209533189e-16  -1.415527682429e-15
   1.603242390477e-17   4.911435841359e-17   2.074134507938e-16  -8.332093695551e-17  -7.697697824227e-17  -3.071727079976e-16   7.800012052281e-02  -2.152163200053e-02   2.272694034710e-02  -2.374473428474e-01   3.840745538448e-15   7.008828816629e-16  -4.965448197838e-16  -2.481738772819e-16  -3.315729002495e-17  -1.155746979941e-15   8.397358151351e-16   3.866965950598e-17   3.349100510808e-16  -8.206920976693e-16   5.220080201633e-15  -7.762887554996e-17   4.121445214656e-15  -2.930647182482e-15   4.588834153789e-01   6.683937484073e-01   4.798302345081e-01  -2.213454321727e-01   2.241344046125e-15   1.164665384798e-14   5.944807893331e-16  -2.990623991519e-16   0.000000000000e+00   9.714451465470e-17  -6.668114411329e-16  -1.858606782194e-16   8.889240499210e-16  -6.110825863520e-16   1.915565713615e-16  -2.189020631247e-16   2.436744382661e-17   1.301658999353e-15
  -7.000599825838e-17  -7.806255641896e-18   1.457736687733e-16  -5.204170427930e-18   1.072801720218e-16   7.584300574796e-17  -5.905570257513e-16  -1.779142755477e-16  -1.273544737738e-16   3.794707603699e-18  -1.626303258728e-19   2.003464162807e-16  -1.448716135258e-17  -3.469446951954e-18  -2.183986368514e-15   2.763230406658e-16   3.563725552549e-16   1.967815632327e-16   8.673617379884e-19   3.993476508452e-16   1.122339383293e-15  -1.957228825537e-02  -7.882503400929e-13   9.998084444195e-01  -5.903363389252e-15   6.705715690878e-15   2.451950684270e-15  -6.470518565393e-16  -1.179611963664e-16   2.355571524457e-15   4.831785036782e-16   5.971229559204e-16   0.000000000000e+00  -3.087807787239e-16   3.350184712980e-17  -4.513998909519e-16  -2.734421269569e-16   3.451870312778e-16   4.928069621209e-16   3.599954224709e-16  -3.144186300208e-17  -7.897186883059e-16
   2.272609687159e-16  -2.636779683485e-16  -4.849009513147e-17   9.714451465470e-17   1.068729581797e-16   1.251130834367e-17  -4.017288702738e-17   3.946040220656e-18  -3.782256203936e-18   1.075528555106e-16  -1.700029006457e-16   2.911825348564e-17  -4.737155598012e-17   9.992007221626e-16  -9.717448802520e-17  -8.768208912780e-17   6.867986799454e-17   8.155228200308e-16   9.089951014118e-16   1.523515033385e-16   1.382982248142e-17   9.998084444195e-01  -1.537592555475e-14   1.957228825537e-02  -2.408473809351e-17   1.015354722568e-16   1.258007625261e-16  -3.851086116669e-16  -5.065392549852e-16  -4.539449426244e-15  -1.789020617451e-17  -1.999922810598e-16   0.000000000000e+00  -2.109423746788e-15  -2.359223927328e-16   2.280025654527e-17  -2.248783053834e-16   4.653469837660e-17  -7.782012034765e-17   1.375215447047e-17   3.122502256758e-16   5.255746704539e-16
  -1.647573867614e-17  -1.262080363016e-17  -6.569260619747e-17  -3.014418950266e-18   6.076647870838e-17   1.645510694810e-16   2.290566714807e-16   3.217845600512e-17   1.417150628070e-16   2.718675379672e-16   4.504681839663e-16  -3.735205906992e-16   2.222355712217e-15   2.197835897172e-16   4.395201421794e-16   8.447959193447e-16  -1.281297027530e-16  -2.367509713032e-16  -7.651042180517e-16  -1.756624439656e-16  -8.622737234500e-16  -1.803760967380e-16   2.126168884204e-15   8.253080299414e-16   1.492570094526e-15  -9.841419417557e-16   3.237598456360e-16  -8.850570893992e-18  -1.732581625829e-15   1.890765459602e-15  -5.903835808839e-01  -8.071228081418e-01   0.000000000000e+00  -5.553396562364e-14   3.105826026074e-15  -5.360018594900e-15   1.669988587422e-15   4.021306729749e-15  -3.054880464538e-15   2.951262745312e-15   5.114308051015e-16  -3.200063197531e-15
  -3.810003073108e-17  -1.394593259404e-17   1.586645628108e-17  -6.252239943305e-18  -1.320699449045e-17   7.063440423746e-17   3.924967528788e-16  -4.516869509901e-16  -1.194122456406e-16  -1.113728079646e-16  -3.379661963881e-16   7.286501850052e-16  -2.873705021062e-15  -1.006247924946e-16   2.828212070479e-16  -9.745616456764e-16  -2.248962204795e-16   7.505732520523e-17   2.102030271098e-16   7.461320629561e-16  -5.044446310463e-16  -1.023853384519e-16   6.641681353660e-16   1.363103058084e-17  -7.991231210593e-16   8.735225052756e-16  -1.799652262001e-15  -5.240376289169e-16  -1.063462365893e-15  -2.135872826205e-15   8.071228081418e-01  -5.903835808839e-01   0.000000000000e+00  -4.067801960160e-14   2.663674652254e-15  -9.415406522984e-16   2.117390532915e-16  -4.953005174537e-15   2.414372557675e-15   1.321961894694e-16   4.380633163085e-16   4.337421893724e-15
   3.844582032251e-17   1.810617628051e-17  -5.455583041565e-17   9.974659986867e-18  -7.983985799233e-17   2.715246146408e-16   6.419396725107e-16  -4.099309671073e-16  -1.242705984516e-16  -4.440892098501e-16  -8.326672684689e-16   6.441296494130e-16   5.900988125051e-02   1.781907954523e-14  -1.194301320918e-01   2.153823809856e-01   8.333116626217e-16   2.558088611313e-15   1.110223024625e-16   3.197164158704e-15  -7.958489855618e-16  -8.673617379884e-17   5.070699069757e-16  -7.448468924975e-16  -2.231747925632e-15   2.323576866003e-15   1.970411018368e-16  -4.579669976579e-16  -1.249000902703e-15   4.868043735413e-16  -1.321716181086e-15  -9.380425274881e-16   0.000000000000e+00  -6.938893903907e-16  -4.052314039882e-15  -1.335233645269e-01  -9.303630921965e-01  -2.290430859650e-01  -1.818257620075e-15   4.914959330393e-15  -7.382983113757e-15   1.970366472430e-15
  -3.017247446534e-17   9.540979117872e-18   1.182311881184e-16   3.469446951954e-18  -1.499952469079e-17   1.985699290348e-16   6.614208732503e-18   2.667469843895e-16  -1.844091881012e-16  -2.220446049250e-16  -2.081668171172e-16  -1.079247097762e-16   2.284098683586e-01   8.465450562767e-15  -5.628402730178e-02  -9.378876735950e-02   4.325184484856e-17   3.233287194589e-15   5.551115123126e-17   1.881118275286e-15   1.424769274543e-16   6.938893903907e-17   6.058225512898e-16  -4.744468706797e-16  -1.880817069836e-15   5.145717356804e-16   5.249731824756e-16   4.996003610813e-16   2.220446049250e-15   2.886842493280e-15   3.733229628411e-15   4.745828429259e-15   0.000000000000e+00  -4.440892098501e-16   5.884182030513e-15  -9.565318499953e-01   1.160327954089e-01   8.630131956348e-02   6.990160865388e-15   1.281009602475e-14   2.414735078560e-15  -1.771662429727e-15
   2.681566614049e-17   6.938893903907e-18  -4.773768233999e-04   3.237983143865e-03  -1.743612854561e-02  -4.772761612142e-03  -1.001629936476e-16   1.076295113521e-15  -5.467450430915e-16  -2.220446049250e-16  -4.996003610813e-16   6.215851390856e-16   2.069525244500e-15  -3.080868893335e-15   1.203804575557e-15   6.338730633194e-16   2.022571617207e-01  -2.116372377647e-01   8.631680249203e-02   4.977406672833e-02  -8.328010672589e-16   4.857225732735e-17  -1.327443469120e-15   4.323379441692e-16  -3.163850704294e-16   3.747422874937e-16  -2.418471537610e-16  -1.908195823574e-16  -6.245004513517e-17  -1.795694675939e-16   3.295898518214e-15   8.818455880508e-16   0.000000000000e+00   3.053113317719e-16  -1.609823385706e-15  -5.850639609922e-15  -1.965289473962e-15   1.356833551313e-14  -9.429930561121e-01  -3.393963093368e-02   1.163423511145e-01  -1.062151924100e-02
   3.678976889195e-17  -2.775557561563e-17   1.812296220182e-02   3.138169514023e-04   3.754449338210e-04  -2.971372846158e-03  -2.557971329388e-16  -4.473047313419e-16   3.039756902408e-17   1.665334536938e-16   3.608224830032e-16   4.528427945310e-16  -3.183883595882e-16  -9.992007221626e-16   1.785766351358e-16  -1.956416730714e-15  -1.487601210159e-01  -7.772540057303e-02   8.311379035795e-03   2.595889779376e-01   1.652250198261e-15   6.938893903907e-17  -1.112806079610e-15   2.942486383474e-16   2.027165646606e-15  -4.624928285669e-16  -1.305929877417e-15  -1.505739977148e-15  -5.828670879282e-16   1.597273552447e-16  -2.180182007902e-15  -2.287101401867e-15   0.000000000000e+00   3.330669073875e-16  -4.773959005888e-15  -1.254414077279e-14  -2.191803865610e-15  -4.510725854071e-15   3.509777465428e-02  -9.501313641084e-01   7.123026478121e-03  -1.990327337455e-03
   2.075247701269e-16  -2.220446049250e-16   3.883146138080e-04  -1.805490893314e-02  -3.373200473599e-03   3.534513037318e-05   2.193743201865e-16   5.071220099193e-16   1.447492965518e-16  -5.898059818321e-17   3.747002708110e-16   1.204273492189e-16  -4.289851381471e-15   1.332267629550e-15  -2.061875543265e-16  -2.465972004835e-15   1.701334805271e-01   1.223705663581e-01  -1.792788282029e-01   1.398766350689e-01  -8.856690308806e-16   3.885780586188e-16  -5.505050029590e-16  -7.838443101121e-17  -2.267466816186e-16   3.773662822867e-17   3.429402488393e-16   5.308253836489e-16  -2.220446049250e-16  -6.703386894416e-16   3.995514484850e-17  -5.245086486021e-16   0.000000000000e+00  -6.938893903907e-16   1.057487430955e-14  -1.803315009260e-15   5.455261540690e-15   1.173580642626e-14  -1.164697976601e-01  -1.154578138614e-02  -9.382741121132e-01   9.989661386019e-02
   2.052017811550e-16   3.330669073875e-16  -2.947850012702e-03  -9.733976749954e-04   4.687455231188e-03  -1.749001704577e-02  -1.998108905837e-16  -3.091578649426e-16  -1.032065736538e-16   2.220446049250e-16   7.771561172376e-16  -1.021547081865e-17   5.670699485078e-15  -4.329869796038e-15  -7.320935287096e-16   3.906874255333e-15  -6.036053113458e-02  -1.726853038721e-01  -2.365708357582e-01  -7.872077085185e-02   5.242680462582e-16  -2.220446049250e-16   1.243504187010e-16   8.060937531799e-16   8.124201394621e-17  -1.008518061542e-15  -2.187769849647e-16   1.506458261087e-15   6.661338147751e-16   2.560226437655e-16  -4.772025737861e-15   2.372734517251e-16   0.000000000000e+00  -1.720845688169e-15  -7.771561172376e-15  -7.219127730190e-16   7.119081056025e-16   3.235523473512e-15   1.786149232683e-03  -1.161498631315e-03   1.004568172225e-01   9.454840295969e-01
  -2.087733457112e-17  -2.220446049250e-16   5.394668137768e-17  -8.326672684689e-17   5.111023021485e-17  -1.234715664857e-16   7.805184114275e-16   1.675449953932e-16   3.336844573793e-16  -6.383782391595e-16   1.387778780781e-16  -3.506246083787e-16   9.008776653619e-02  -5.262455211945e-02   2.113934384688e-01   9.253625010107e-02   1.878114769574e-15   3.967551113088e-15   9.436895709314e-16   2.268368493543e-15   9.442003673329e-17   0.000000000000e+00   1.535725740706e-15   2.171925938285e-16   9.478347225043e-17  -7.661712329452e-16   2.327892546196e-15  -1.457167719821e-15   9.714451465470e-17   1.077335373711e-15   3.988078067735e-15   2.702171676077e-15   0.000000000000e+00  -6.550315845288e-15   6.604904025976e-01   4.056968178555e-02  -1.741743498081e-01   6.838380892357e-01   1.102279265480e-14  -6.359619542578e-15   1.409983241274e-14   1.774076588856e-15
   7.131851948273e-18  -2.220446049250e-16   6.917887486815e-17  -1.110223024625e-16   1.808073151075e-16   1.178526332245e-16  -1.776836578019e-16  -6.462605930431e-17  -3.773079680834e-16  -4.163336342344e-16   3.191891195797e-16   8.042007833827e-16   1.913773360258e-02   2.477215151938e-01   4.490722177164e-02   1.965787554855e-02  -1.177274560367e-15  -2.921340277577e-15  -4.302114220422e-16   1.225773163934e-16  -3.390783803500e-16   2.775557561563e-17  -1.516564544240e-15   2.809143850581e-16   1.869177525340e-16   7.103279360425e-16  -1.359501531657e-15  -1.630640067418e-16   1.089406342913e-15  -5.999802117906e-16  -4.002200179262e-15   3.232160024415e-15   0.000000000000e+00   1.221245327088e-15   7.068360032573e-01  -3.790962165525e-02   1.627541408428e-01  -6.390004085664e-01  -1.043780731585e-14  -5.459817265826e-16   3.178013407990e-15   7.882313907688e-15
  -1.657800266242e-16  -5.551115123126e-16  -6.407804245979e-18  -3.608224830032e-16   3.221958120914e-16   6.967072747500e-18  -7.512270213098e-18  -2.389624582719e-18  -3.786556919861e-18   4.649058915618e-16  -3.573530360512e-16   3.559152711877e-17  -6.548581121812e-17   1.026956297778e-15  -7.821591228617e-17  -3.469446951954e-18   8.172120694775e-17   4.501341591667e-16  -5.551115123126e-17   1.308382010576e-16   1.673496954217e-17   1.998401444325e-15   1.273664630269e-18   3.586366857770e-16  -1.188377509119e-17   3.599854857661e-17  -3.724025018991e-17  -1.040834085586e-17  -3.469446951954e-17   3.829580301010e-15   7.777769657756e-17  -6.886028536329e-14   0.000000000000e+00   1.000000000000e+00   3.490263633665e-15  -1.721713058835e-16  -2.231736573698e-15   5.888518839204e-15   3.135721968735e-16   1.469779372624e-16  -3.816391647149e-16   2.330182930362e-15
   0.000000000000e+00   0.000000000000e+00   0.000000000000e+00   0.000000000000e+00   0.000000000000e+00   0.000000000000e+00   0.000000000000e+00   0.000000000000e+00   0.000000000000e+00   0.000000000000e+00   0.000000000000e+00   0.000000000000e+00   0.000000000000e+00   0.000000000000e+00   0.000000000000e+00   0.000000000000e+00   0.000000000000e+00   0.000000000000e+00   0.000000000000e+00   0.000000000000e+00   0.000000000000e+00   0.000000000000e+00   0.000000000000e+00   0.000000000000e+00   0.000000000000e+00   0.000000000000e+00   0.000000000000e+00   0.000000000000e+00   0.000000000000e+00   0.000000000000e+00   0.000000000000e+00   0.000000000000e+00   1.000000000000e+00   0.000000000000e+00   0.000000000000e+00   0.000000000000e+00   0.000000000000e+00   0.000000000000e+00   0.000000000000e+00   0.000000000000e+00   0.000000000000e+00   0.000000000000e+00
