ARMA_MAT_TXT_FN008
30 30
  -9.724440874170e-01  -1.970431344231e-02  -1.952944665253e-16  -1.437680763875e-16  -3.101368789069e-15   2.413434035953e-16   1.245943272883e-15   1.525443654476e-16   9.007551649010e-16  -8.421093948824e-16   2.280790017509e-01   3.158715876362e-03   3.486517494091e-18  -8.716427485581e-16   5.000340419503e-16   4.883882038179e-17  -3.588355864770e-17  -2.743403798609e-16  -2.921924854848e-17  -7.367035574754e-17   0.000000000000e+00  -2.001542088838e-16  -1.845367683002e-16   1.064686533381e-16   1.184186215884e-16  -7.028340583137e-16  -9.220661176735e-17  -1.929549050578e-16   4.143105764954e-03  -4.378427832415e-02
   1.970431344231e-02  -9.724440874170e-01  -2.822650215645e-16   9.307445180935e-17  -2.366816586000e-16   5.551115123126e-17   3.002652164531e-16   2.384066726914e-16  -2.584737979205e-16   8.807554761107e-17   3.158715876363e-03  -2.280790017509e-01   1.708547351691e-17   1.748052402975e-16   1.422473250301e-16   8.762073686668e-18  -4.703765940481e-17   3.857074410544e-17  -3.955169525227e-16   1.055127058901e-16   0.000000000000e+00  -1.500222045339e-16  -1.602263194005e-16   1.734723475977e-16  -4.931769823749e-16  -1.180479325402e-15  -2.568862896644e-17  -3.608397586369e-16   4.378427832416e-02   4.143105764955e-03
   6.038538210165e-16  -1.406752318800e-16   6.553658631141e-01  -6.983111265983e-01  -1.735238711688e-01  -2.061834352040e-02   1.226164930777e-16  -3.467315072001e-16  -4.813857645836e-17   2.215323294544e-16  -2.028133636151e-17  -1.929879867024e-17  -1.705884308365e-15  -7.570686634564e-16  -1.934216675714e-16   3.634105440004e-15  -1.019175158409e-02  -2.270172018028e-01  -6.053720138684e-03   2.538063704180e-02   0.000000000000e+00   1.410847105496e-15  -6.754439910492e-17  -1.214306433184e-17  -1.315106341560e-16  -2.493664996717e-17   8.023140953801e-16  -3.484832078470e-17   5.756435909540e-18   8.601071526016e-17
  -4.798316051235e-17   6.830473686659e-17  -6.969188200175e-01  -6.745550034441e-01   7.946820214251e-02   2.535753346180e-02   1.593439766842e-16  -1.193885988136e-16   1.166601537594e-16  -5.518124879977e-16  -1.524231221359e-16   8.174884380541e-17  -1.275117481106e-15   3.509476649564e-16   7.207776042684e-16   6.255220828497e-16  -2.064551858123e-01  -1.904251059087e-03   7.342388000164e-03  -9.818464949495e-02   0.000000000000e+00  -6.834434607915e-17  -3.546296441913e-17   2.775557561563e-17  -1.713271032514e-16   5.095750210682e-17   4.086635816439e-16  -1.131784423125e-17  -2.482484161813e-17  -8.930369799557e-17
   2.812224286140e-15   6.904199434388e-16  -1.226917721620e-01   5.829700137852e-02  -7.673173039711e-01   5.834816515724e-01   2.586946407974e-16   5.315968382395e-16  -5.551115123126e-17  -1.567812681226e-16   3.698559736317e-16  -3.573530360512e-16  -3.528355376123e-16  -8.493775750124e-16  -1.137978600241e-15   5.599462299188e-16  -8.082845048693e-02   2.045225869534e-02   1.165602616733e-01   1.782797747465e-01   0.000000000000e+00   2.945729265242e-16   4.974613672990e-16   2.775557561563e-16  -2.218034219619e-17   1.734723475977e-16  -3.219804071954e-16   2.108867977067e-16  -1.225148454909e-17  -1.752570590883e-16
   1.729297122742e-15   2.255140518770e-16  -1.320036622030e-01   4.021282692082e-02  -5.678705134364e-01  -7.785624802844e-01   5.107737774349e-16   1.577234882206e-16   4.440892098501e-16   1.649395482886e-16  -1.583016501304e-17   7.216449660064e-16  -1.785289641854e-16  -6.770632146946e-16  -3.053113317719e-16   2.245422379188e-16  -5.532315990268e-02   1.904665342468e-02  -1.965824335704e-01   1.012592008764e-01   0.000000000000e+00  -6.873558411256e-17   3.538158232933e-16  -6.106226635438e-16   2.033883419266e-16  -3.955169525227e-16  -1.511718878526e-16  -2.615276883791e-16  -1.888680184470e-16  -7.677502971959e-17
  -1.007734217983e-16   5.569277064763e-17  -2.788951896566e-16  -5.451113619265e-16   3.234717181069e-16   9.431046823527e-17   1.402977836122e-01   7.426858320146e-01  -3.528358374429e-16   6.040889290841e-01   9.743021890736e-16   8.702347171596e-16  -8.327523513569e-16   1.175871466168e-15  -5.071057026855e-17   1.396385366832e-15   4.645702773737e-16  -1.017477618264e-15  -1.369970710071e-16  -6.821838185762e-16   0.000000000000e+00  -7.614206830472e-16  -9.642062689672e-16  -2.609422916551e-16  -8.382001864547e-02   2.155183798690e-16  -2.381721089875e-01  -7.687884696524e-03  -7.484791462278e-16   8.170453335401e-16
  -4.920443188484e-16   6.769743382902e-17   3.760823394619e-16   6.543586748355e-17   3.031429276691e-16  -2.319255106590e-17   5.833638571524e-01   4.177733037434e-01  -1.124571010273e-15  -6.491080220203e-01  -6.921469801231e-15   8.629881455545e-17  -1.136743061803e-16   9.410874857723e-17  -1.816244961883e-16  -2.235944590510e-15   1.077655769926e-15  -2.061530861524e-16  -3.451869518250e-16  -3.091049805840e-16   0.000000000000e+00  -5.049605196503e-16   6.343361224176e-16   9.384459923875e-16  -2.336233078339e-01  -1.099068987100e-15   8.052758373793e-02   5.240525632505e-02  -1.374242019953e-15  -2.612186369145e-15
   2.309973969197e-01   4.680623978448e-03  -1.376615193373e-16   1.202118114398e-16   9.966770995127e-16  -1.876211859486e-16   6.452145459573e-15   6.550933162450e-16   3.671515131851e-15  -3.740705152097e-15   9.301254006359e-01   1.288150968499e-02  -1.439993633821e-16   5.808373915043e-16   2.142220862505e-15   1.838764483731e-16   6.380066523515e-17  -1.154048313213e-15  -3.351811016239e-16  -5.157163881349e-16   0.000000000000e+00  -2.153696417627e-16  -4.696247048032e-16   5.217180854000e-16   2.207968724248e-15  -4.224376924655e-15  -1.584670710565e-15  -1.570914154879e-15   2.686386087397e-02  -2.838968706319e-01
  -4.680623978448e-03   2.309973969197e-01  -4.339623639935e-17  -7.123954721409e-17  -2.530962460502e-18  -2.220446049250e-16  -3.580251771318e-16   9.726691422482e-16   8.743006318923e-16   1.450097932662e-16   1.288150968499e-02  -9.301254006359e-01  -9.150670922470e-17   2.876319737453e-16   1.110223024625e-16  -1.872859530097e-17  -2.141224184313e-16   1.010001973566e-16  -5.342948306009e-16   3.720410520464e-16   0.000000000000e+00  -5.474375927615e-16  -1.134029354304e-15  -2.220446049250e-16  -2.361706796192e-15  -3.191891195797e-15  -1.992074469262e-16  -9.049059317126e-16   2.838968706319e-01   2.686386087397e-02
  -3.961292971077e-16   3.989863994747e-17  -2.066821297614e-17   1.163908869920e-16   5.190621218040e-16   3.608224830032e-16   5.457465142596e-01  -3.295275397035e-01   6.725058366057e-01   2.783835301976e-01  -5.234858888516e-15   1.422473250301e-16   3.377614034317e-17   4.583608031377e-16   5.551115123126e-17   1.106629023375e-15  -3.350701014017e-16   9.756274288807e-17  -1.387778780781e-16   7.112030872388e-16   0.000000000000e+00   6.133837375053e-16   2.192540796049e-16   4.718447854657e-16   4.633857244656e-02   4.094737915913e-02  -2.417511867872e-02   2.437262092531e-01   1.499831075308e-15  -1.789201120491e-15
  -3.740477220476e-16   8.673617379884e-17  -2.846386892506e-16   9.515250162580e-17   1.197178241332e-16   2.220446049250e-16   5.275917281941e-01  -3.185654871210e-01  -6.956472145670e-01   2.691228325974e-01   5.241632766687e-16  -1.307981500887e-15   2.274544917284e-17   1.050702381471e-15  -1.110223024625e-16   1.105683437189e-15  -1.726781383429e-16   1.237865632053e-16   2.775557561563e-17   4.335370790925e-16   0.000000000000e+00   7.477282035370e-17   1.325399315808e-16  -6.661338147751e-16   7.612083226731e-03  -2.492672556442e-01  -3.971270707805e-03   4.003714597616e-02  -3.254395451041e-15   3.454722669360e-15
   1.680733595235e-17   3.196464321686e-17   1.090594518409e-18   4.344333516530e-16   9.898260431092e-18  -3.378433732046e-18   1.405042770294e-16   1.291478888057e-15   1.073339817145e-19  -2.120123716892e-15  -8.091111312208e-17  -7.289797532687e-17   5.082593275188e-01   3.078380645379e-16  -9.358535228599e-18   8.612040733706e-01  -4.228893832736e-16   8.617952830683e-15   1.059569981319e-17  -3.078542051133e-15   0.000000000000e+00  -5.577332360889e-16  -2.268625933027e-15  -2.750227960585e-31   1.186759018152e-15   1.170760451308e-18   4.748989350101e-16  -3.073642922390e-17  -1.851923287226e-17  -1.358628087459e-16
  -1.749655627986e-17  -2.851810667060e-17  -1.607677463306e-16  -2.139322063178e-17   3.288515257817e-18  -1.400456043017e-17  -6.599008559141e-17   5.092297756457e-17   2.001470347321e-18  -1.707274073733e-15  -1.197014727635e-16   8.688325669421e-17  -8.612040733706e-01   1.059033924579e-16   5.826035800098e-17   5.082593275188e-01   7.534708686560e-15   1.337716261311e-14  -4.797062641436e-17  -1.425699913428e-15   0.000000000000e+00  -1.709970857721e-16  -3.996801538167e-16   1.725633230171e-31   8.856245010960e-16  -2.340481416152e-18   2.991103296859e-16  -1.725051662063e-17   1.959928836320e-17   3.599302758025e-16
  -1.216411489457e-16   2.157562323246e-17  -1.539903199542e-01   1.640811031894e-01   4.077264005482e-02   4.844660813649e-03  -3.148133670874e-16  -2.540232716734e-16   4.336808689942e-18   2.112945560348e-16  -9.984298810030e-16  -2.634611279140e-17  -6.991309566453e-15  -2.747028799466e-15  -7.598088824778e-16   1.395183022984e-14  -4.337497367069e-02  -9.661602394585e-01  -2.576396701377e-02   1.080171994333e-01   0.000000000000e+00   6.423975988027e-15  -6.553849939222e-16  -8.673617379884e-18  -8.266635568168e-16  -3.404394821604e-17   3.802589754395e-15   2.661641417838e-16   8.971772977318e-18   5.560868524815e-16
   2.977936771420e-17  -1.886511780125e-17   1.637539550300e-01   1.584991630682e-01  -1.867252257535e-02  -5.958221065219e-03   6.185176268480e-16   6.996850004534e-16  -2.688821387764e-17  -1.899474177068e-17  -3.140401151451e-16  -1.355252715607e-17  -6.029225744508e-15   1.245827219849e-15   3.061786935099e-15   1.648179819314e-15  -8.786505611815e-01  -8.104283043868e-03   3.124839568148e-02  -4.178630681458e-01   0.000000000000e+00  -4.248769189004e-16  -7.515488476215e-16   7.459310946700e-17  -2.622165338296e-16   4.141652298895e-17   1.255833806140e-15  -4.271566530550e-17  -2.928362305248e-17  -2.330716204378e-16
  -5.830405954280e-16  -2.307182223049e-16   2.882869907382e-02  -1.369795773614e-02   1.802953797188e-01  -1.370997961140e-01  -7.098484267937e-17   8.545756243974e-16  -4.857225732735e-17  -3.445860906807e-16   3.769959471164e-16   2.740863092043e-16  -1.549046406102e-15  -3.061422581286e-15  -6.356026815979e-15   2.469987077192e-15  -3.439969943130e-01   8.704256330200e-02   4.960676522984e-01   7.587391109213e-01   0.000000000000e+00   4.356716725383e-16   8.750500981624e-16  -2.220446049250e-16  -1.328406750170e-15   4.857225732735e-17  -1.108776769949e-15  -6.939998833693e-16   2.244840598131e-16  -8.694659715274e-16
  -3.949841573653e-16   6.245004513517e-17   3.101669971209e-02  -9.448746772336e-03   1.334316707329e-01   1.829376416917e-01  -2.700799891096e-16   4.881907407307e-16  -6.938893903907e-17  -2.649045077666e-16   2.699031635290e-16   3.538835890993e-16  -8.786169470561e-16  -2.107422595705e-15  -1.304512053935e-15   1.082663330530e-15  -2.354492831147e-01   8.106046188368e-02  -8.366332136219e-01   4.309480206310e-01   0.000000000000e+00  -9.178161783278e-16   5.564285660655e-16  -4.996003610813e-16   1.302732772252e-16  -1.595945597899e-16  -5.245357556923e-16  -1.173112273336e-15  -6.210310043997e-16   5.765771975189e-16
  -5.672504273748e-16  -1.734723475977e-17   4.157111768589e-17  -2.300909779958e-18   1.208639707961e-16   0.000000000000e+00  -1.271369775386e-15  -3.313644275100e-16   2.081668171172e-16  -3.028149682446e-16   7.150804042318e-16   1.595945597899e-16  -7.167340437121e-17   8.930207682447e-01  -4.500154524943e-01  -2.659694018032e-16  -7.108699550901e-16  -2.089546304573e-15  -1.276756478319e-15   9.382665008003e-16   0.000000000000e+00  -3.501969743569e-15  -1.744962496819e-15  -6.661338147751e-16  -1.394679435734e-15   4.093947403305e-16   2.474629308143e-15   6.071234738234e-16  -2.667137344314e-16   1.793425801217e-16
  -3.015217218726e-16  -1.873501354055e-16   7.954794816342e-17  -3.367578533603e-17   3.563953730278e-16  -3.885780586188e-16  -5.261673256035e-16  -1.462743099900e-16   1.665334536938e-16  -1.541130360330e-16  -2.046435598009e-15   2.428612866368e-16   2.539300512908e-17   4.500154524943e-01   8.930207682447e-01  -1.581621698436e-16  -1.593204093411e-16  -1.118573121637e-15   1.526556658860e-15   8.406850615271e-15   0.000000000000e+00   3.083345299403e-15  -9.001974190722e-16   1.443289932013e-15  -1.254402091688e-15   2.359223927328e-16   1.271693497660e-15   2.979450508372e-16  -2.205267218836e-16   6.198113975111e-16
   1.661125827216e-16  -5.938714207304e-18  -8.824828347129e-17  -1.371658319559e-16  -3.629019724540e-16  -4.117639956693e-18   3.431329762869e-16   6.174178617765e-17   3.475098943918e-18  -9.256672786803e-17  -3.023271985903e-16  -8.582312818161e-18  -6.563708254818e-16  -2.164934898019e-15   5.134830325047e-16  -1.978914073594e-15   1.931933437404e-16  -1.372592173899e-16   5.383866996580e-17   1.390503413510e-15   0.000000000000e+00  -1.229003179580e-01  -9.924190202963e-01  -6.385492230519e-17   1.994403696165e-16   8.324032975160e-17   4.667693052141e-15   9.415709444724e-16  -4.665063901073e-15   3.841619727692e-16
  -1.063711050692e-16   2.486665690702e-17   1.231067086794e-16  -6.670735154802e-17   1.105840916916e-16   2.010383197588e-17  -4.754551570434e-17   1.657441023089e-16  -1.976299040679e-16  -2.648770986333e-17   2.224905938000e-16  -7.840450614498e-16   1.466198519495e-17   1.464106613724e-15  -4.289798943513e-15   3.159900221804e-16  -1.012763162239e-16   6.384409110146e-15  -8.092425165833e-16  -7.860508072917e-16   0.000000000000e+00   9.924190202963e-01  -1.229003179580e-01   1.048771190691e-16  -2.759742930141e-15   7.350681279815e-17  -1.152811128208e-15  -9.271210896143e-16  -1.478657873623e-15  -4.479125886554e-16
  -1.922189760986e-17  -9.379937043086e-18  -1.038132314639e-17   9.273595095007e-17  -2.213745006981e-16  -2.314155741912e-17  -3.662825953141e-02  -1.938967865702e-01   1.377945511460e-16  -1.577125846528e-01  -6.231441919736e-17  -5.454249042925e-17   4.122150657202e-17   1.726564854629e-15  -6.154916774145e-17   5.884999540789e-16  -6.384742894860e-16  -3.074427760040e-15  -2.106001416891e-16  -1.498822081870e-15   0.000000000000e+00  -2.669942396324e-15  -4.096896458661e-15  -8.861464641491e-16  -3.210571015042e-01   7.750383318778e-16  -9.122742777485e-01  -2.944702252816e-02  -2.901555539429e-15   3.099865983454e-15
   4.617174797738e-16   8.140809783158e-18   7.535044228052e-17   1.019053594612e-16  -2.605779136736e-16   6.492706715375e-19  -1.523017841827e-01  -1.090702119508e-01   4.723561279563e-16   1.694659493709e-01   1.846292173921e-15   9.597168499712e-17  -2.066969169796e-16  -2.886579864025e-15  -3.967038213154e-16   1.733761423187e-15   3.355978823842e-16   1.866250770069e-15  -7.236381133875e-16  -2.111283293719e-16   0.000000000000e+00  -1.860421196782e-15   1.382340579072e-15   3.105477059005e-15  -8.948509350040e-01  -4.011305483218e-15   3.084460376391e-01   2.007286561277e-01  -5.475545603770e-15  -9.743539131246e-15
  -2.413073102554e-02  -4.889530348042e-04   7.884986329135e-17   6.112526437609e-17  -8.005502409598e-17   1.663708233679e-16  -2.236576804051e-15  -1.742667067611e-16  -1.767900062455e-15   1.147369284415e-15  -2.874977286628e-01  -3.981618794251e-03  -5.066796990641e-16   2.197206222347e-16  -1.858864624726e-16   3.419694850320e-17   1.991685963211e-16  -4.476490328801e-16  -9.144296648014e-16   1.055784455558e-16   0.000000000000e+00  -2.108229950105e-16  -6.213819084976e-16   1.639313684798e-15   6.951292683556e-15  -1.373921321764e-14  -5.677707324217e-15  -4.225089333339e-15   9.019798140899e-02  -9.532108872754e-01
   4.889530348037e-04  -2.413073102554e-02  -1.778939085062e-18   5.579194401021e-18  -8.566166237514e-17  -1.908195823574e-17   2.492094065269e-16  -4.515861027745e-16  -4.813857645836e-16   1.319110341629e-16  -3.981618794251e-03   2.874977286628e-01   1.060388360659e-16   2.303345373966e-16   1.075528555106e-16   2.826441421807e-18  -8.933244096211e-17   9.115159675207e-17  -4.501607420160e-16   2.958992340755e-17   0.000000000000e+00   1.193023628572e-15  -4.207576849922e-15   5.134781488891e-16  -7.192891712494e-15  -1.101028990202e-14  -4.309348923981e-17  -2.262261863587e-15   9.532108872754e-01   9.019798140899e-02
   1.693444897638e-16  -2.430781270713e-16   7.177518984403e-17  -1.534497136684e-16   1.649697243580e-16  -2.203098814491e-16  -1.424808321841e-01   8.603143924474e-02  -1.755745364279e-01  -7.267901124889e-02   1.700097872089e-15  -3.165870343658e-16   3.364835606222e-17  -5.560896620677e-16   2.081668171172e-17  -4.644075945457e-16  -6.280023242959e-16  -1.035461334284e-16  -6.019490461640e-16   8.873213916494e-16   0.000000000000e+00   1.116152652087e-15   4.026270976058e-16   1.328798182598e-15   1.774913439290e-01   1.568413736893e-01  -9.259832742745e-02   9.335482330821e-01   5.858120520792e-15  -3.937917154811e-15
   1.392628785435e-16  -1.691355389077e-16   6.296003075885e-17  -6.722975467763e-17  -8.732057397463e-17  -5.551115123126e-17  -1.377410693837e-01   8.316952014202e-02   1.816161742646e-01  -7.026127358826e-02  -1.828990814811e-16   4.996003610813e-16   3.772088476153e-18   1.331582479706e-16   2.359223927328e-16  -3.176849457252e-16  -1.018166472272e-16  -1.572580922227e-17   5.134781488891e-16   1.710971416938e-17   0.000000000000e+00   2.600629845122e-16  -4.939166667582e-17  -3.816391647149e-15   2.915667899717e-02  -9.547721879605e-01  -1.521121903025e-02   1.533548935842e-01  -1.137379578540e-14   1.234018285441e-14
   1.897243176169e-17   1.179611963664e-16  -1.556754353740e-17   3.763134243363e-18  -7.498386130529e-17  -2.220446049250e-16  -2.573150962074e-16   1.465553590125e-16   1.665334536938e-16  -1.552904466554e-17  -1.260037073779e-17  -2.498001805407e-16   1.172691062996e-30  -4.326777283397e-17  -1.443289932013e-15  -1.999921540862e-30  -1.785710187088e-16   7.101836519714e-17  -6.106226635438e-16   4.977639620959e-16   0.000000000000e+00  -9.252281257990e-17  -4.916775580269e-17   1.000000000000e+00   2.685068879155e-15  -3.497202527569e-15  -1.894300807912e-15  -1.450174162913e-15  -6.318730261246e-16   1.714124173507e-15
   0.000000000000e+00   0.000000000000e+00   0.000000000000e+00   0.000000000000e+00   0.000000000000e+00   0.000000000000e+00   0.000000000000e+00   0.000000000000e+00   0.000000000000e+00   0.000000000000e+00   0.000000000000e+00   0.000000000000e+00   0.000000000000e+00   0.000000000000e+00   0.000000000000e+00   0.000000000000e+00   0.000000000000e+00   0.000000000000e+00   0.000000000000e+00   0.000000000000e+00   1.000000000000e+00   0.000000000000e+00   0.000000000000e+00   0.000000000000e+00   0.000000000000e+00   0.000000000000e+00   0.000000000000e+00   0.000000000000e+00   0.000000000000e+00   0.000000000000e+00
