ARMA_MAT_TXT_FN008
20 20
  -2.808744014788e-01  -9.331240059464e-01   7.814897536380e-17  -1.422473250301e-16   4.371503159462e-16   2.463307335887e-16  -2.339166187137e-15  -4.926614671774e-16  -3.024815641017e-15   7.369864267470e-15  -1.015347168563e-01   2.001995539290e-01  -1.040834085586e-16   0.000000000000e+00  -6.097553018058e-16  -8.140732012107e-16  -8.874194781794e-17   6.166941957098e-16   7.405100838076e-17   5.056718932472e-16
   9.331240059464e-01  -2.808744014788e-01  -1.126382529686e-16  -9.506284648353e-16   6.106226635438e-16  -4.735795089417e-16  -6.964914756047e-16   2.289834988289e-15  -8.903468240451e-16   2.377438523826e-15   2.001995539290e-01   1.015347168563e-01   5.828670879282e-16   0.000000000000e+00  -7.415942859801e-17  -2.166778041712e-16   7.441963711941e-16   5.880712583561e-16  -4.783499985006e-16  -1.214306433184e-16
  -7.632783294298e-17   5.094721197979e-16   1.933897758738e-02   1.582218887721e-01   9.367704231953e-01   2.113332536001e-01   2.333203075189e-16   2.775557561563e-17   2.333203075189e-16   6.049848122469e-16  -4.857225732735e-16  -1.708702623837e-16  -1.720845688169e-15   0.000000000000e+00   1.305379415673e-16  -7.979727989493e-17  -1.766275942742e-02   5.668722294094e-02   6.791496468803e-02   2.103649478042e-01
  -8.743006318923e-16   6.101905342809e-16  -8.964988664517e-02  -9.557410519388e-01   1.614460032946e-01   8.115385083323e-03  -3.217912047937e-16  -7.771561172376e-16   5.664956351237e-16   3.148523108898e-16   3.469446951954e-17  -9.540979117872e-18   9.714451465470e-16   0.000000000000e+00  -6.331740687315e-17  -6.343124810126e-16  -9.573952408441e-02   1.949727365520e-01   2.363329076719e-02  -6.820785222831e-02
  -4.037568890336e-16  -3.259953247224e-17   3.584155357562e-02   2.395624493470e-02   2.094577412351e-01  -9.496724003540e-01   1.032539938967e-15   8.899131431761e-16  -2.570507825692e-16  -6.603062280980e-16   1.474514954580e-17   1.638229482626e-16  -3.316791286068e-15   0.000000000000e+00  -4.214293844451e-16   7.384636522070e-16  -1.509689833787e-01  -1.009376568020e-01   1.361781814874e-01  -2.944021725954e-02
   4.857225732735e-17   6.267737567390e-17   9.684590940247e-01  -9.251867850524e-02  -1.151298722591e-02   3.167744379067e-02   6.621222667369e-16  -2.359223927328e-16  -8.706956596688e-16  -6.239583502654e-17   7.285838599103e-17  -9.432558900624e-17  -3.885780586188e-16   0.000000000000e+00  -9.144703223829e-16   2.761158001460e-15   1.418506416048e-01   3.122576187324e-02   1.693392926473e-01  -5.117440029971e-02
   1.790996739935e-17   8.825405684038e-17   8.170559217456e-16   5.487490297545e-16   1.200679864500e-16  -3.130196906006e-16  -8.482191780533e-01  -2.391095195584e-02   4.841323639634e-01  -2.134674366789e-01  -6.667376758362e-16   5.412688464553e-15  -1.381120658505e-18   0.000000000000e+00  -2.037357169848e-16   5.179425332266e-16   3.252259698920e-16   4.072748996218e-16   1.127548963411e-15   4.000244495655e-17
  -1.559631846307e-17  -8.673617379753e-19  -5.461491310160e-17   1.974152259143e-17  -1.701776774307e-16   4.534457318893e-16   5.228579065302e-01   9.845559782905e-03   7.059252474669e-01  -4.776946927904e-01  -5.501910961307e-15   3.204838858435e-14  -2.670922559010e-17   0.000000000000e+00  -2.875113023524e-15   7.102282202274e-17   5.403062429638e-16   5.053232525267e-17   7.495589133789e-16  -7.448089695543e-18
   6.470053742284e-02   2.149488324640e-01   1.495869351620e-16   6.938893903907e-18  -1.734723475977e-16  -3.469446951954e-18  -9.435377826272e-15  -2.622901895677e-15  -1.051415898790e-14   3.634711889106e-14  -4.407769079251e-01   8.690952521557e-01   1.804112415016e-16   0.000000000000e+00  -2.870967352742e-15  -2.295933625510e-15   1.487525380650e-16  -1.578598363139e-16  -3.619066851757e-16  -2.602085213965e-18
  -2.149488324640e-01   6.470053742284e-02   2.396570593226e-17   2.844946500602e-16   2.914335439641e-16   2.099015405932e-16  -3.007143145606e-15   1.215694211965e-14  -3.153185178240e-15   1.151769651875e-14   8.690952521557e-01   4.407769079251e-01  -1.221245327088e-15   0.000000000000e+00  -2.424276057678e-16  -5.810781543436e-16   7.567731163949e-17   1.387778780781e-16  -1.765081136806e-16  -6.938893903907e-17
  -3.885780586188e-16   1.919916604191e-16  -1.366470464372e-16   3.885780586188e-16  -2.498001805407e-16  -3.712308238590e-16   1.267016965358e-02  -9.876450549565e-01  -8.450188763634e-02  -1.313626400724e-01   1.149080830487e-14   7.428085924133e-15   1.554312234475e-15   0.000000000000e+00  -8.673617379884e-17  -1.617629641348e-16  -1.378671482533e-15  -1.339206523454e-15   8.413408858488e-16   5.828670879282e-16
   8.673617379884e-17   1.046332566596e-15  -2.531633534131e-16  -2.220446049250e-16   4.440892098501e-16   3.417405247674e-16  -8.356615560307e-02   1.545592984879e-01  -5.100439492219e-01  -8.420114552373e-01  -6.043776590303e-15   2.531265128058e-14   0.000000000000e+00   0.000000000000e+00  -1.184165612789e-15  -1.064198642403e-15   2.168404344971e-17   1.778958924614e-15  -1.080515885099e-15   8.743006318923e-16
   1.053363599186e-17   1.665334536938e-16   9.359510621091e-16   4.080268123832e-16  -4.736914635310e-16  -4.168185610833e-16   8.023096076393e-17   1.138412281110e-17   1.217775880136e-15   1.387778780781e-16   2.634811179752e-16  -1.655831696847e-15   6.842062570944e-04   0.000000000000e+00   2.507462703994e-01  -9.680526017436e-01   3.188257071987e-15   1.546041399127e-15   8.191606298844e-15  -2.038185379888e-16
  -2.783809324745e-17  -2.289475569050e-16  -7.183534799319e-18  -9.669785428839e-17   7.622412528662e-17   6.493458480878e-18  -1.192588939590e-15  -1.122554487477e-16  -9.219979537335e-16   2.197917033168e-15   1.014489490963e-15  -2.717483192680e-15  -9.797479860750e-03   0.000000000000e+00  -9.680046843289e-01  -2.507407834909e-01   7.339427183024e-16  -8.204948101619e-16  -1.341429518743e-15   8.255627218799e-16
   4.787836793696e-16   2.537940560377e-16  -4.547245877709e-03  -3.720330240993e-02  -2.202663210083e-01  -4.969157557135e-02   3.361026734705e-16   4.024558464266e-16   4.174178364069e-17   9.200539635712e-16   1.387778780781e-16   1.058181320346e-16  -7.188694084448e-15   0.000000000000e+00  -4.323798263872e-16   2.410235639544e-15  -7.511793245503e-02   2.410850355200e-01   2.888354875174e-01   8.946608826891e-01
   2.428612866368e-16   1.911150930332e-16   2.107971197766e-02   2.247269556495e-01  -3.796140047408e-02  -1.908200741193e-03   5.837344496662e-16  -6.383782391595e-16   2.122325752640e-16   6.630980486921e-16  -1.630640067418e-16   7.632783294298e-17   3.913536161804e-15   0.000000000000e+00  -1.604619215279e-15   6.474313272997e-16  -4.071705292144e-01   8.291993623686e-01   1.005099994050e-01  -2.900811086537e-01
   6.323067069935e-16  -2.325211635898e-16  -8.427558075965e-03  -5.632921157931e-03  -4.925057935880e-02   2.233000109841e-01  -1.005055413894e-16   1.838806884535e-15  -5.638664448554e-16  -9.075856385876e-16   1.856154119295e-16   4.102621020685e-16  -1.305899832715e-14   0.000000000000e+00  -1.451638288741e-15   1.577527713494e-15  -6.420558431340e-01  -4.292776628124e-01   5.791520561017e-01  -1.252062714578e-01
  -1.335737076502e-16   1.616359658858e-16  -2.277173962861e-01   2.175426169988e-02   2.707091596057e-03  -7.448435422331e-03   1.656660919558e-16  -3.226585665317e-16  -1.358152956418e-15  -8.131516293641e-18  -1.249000902703e-16   2.602085213965e-16  -9.089951014118e-16   0.000000000000e+00  -2.715113290447e-15   7.414248793906e-15   6.032764562386e-01   1.328000124154e-01   7.201829136232e-01  -2.176395574506e-01
  -4.440892098501e-16   7.480771127395e-17   1.908229990389e-16   2.220446049250e-16   1.665334536938e-16  -1.179611963664e-16  -1.734723475977e-17   1.443289932013e-15   1.292368989603e-16   1.908195823574e-16   1.193489751472e-15   3.400058012915e-16   9.999517694620e-01   0.000000000000e+00  -9.656034282703e-03  -1.794366672482e-03  -7.437626903251e-15  -7.716050021145e-15   1.069283550592e-14   5.981326545168e-15
   0.000000000000e+00   0.000000000000e+00   0.000000000000e+00   0.000000000000e+00   0.000000000000e+00   0.000000000000e+00   0.000000000000e+00   0.000000000000e+00   0.000000000000e+00   0.000000000000e+00   0.000000000000e+00   0.000000000000e+00   0.000000000000e+00   1.000000000000e+00   0.000000000000e+00   0.000000000000e+00   0.000000000000e+00   0.000000000000e+00   0.000000000000e+00   0.000000000000e+00
