ARMA_MAT_TXT_FN008
12 12
  -6.245442254836e-01   6.874703959722e-01  -4.822531263216e-16  -3.191891195797e-16   1.006139616067e-15   8.847089727482e-16  -1.110223024625e-16   2.132928167594e-16   9.349058731086e-17  -9.757819552370e-16  -3.638271537020e-01   7.041851536349e-02
   6.874703959722e-01   6.245442254836e-01  -1.249000902703e-16  -8.326672684689e-16   1.026956297778e-15   6.869504964868e-16   3.885780586188e-16   1.726795481220e-16  -2.270722970458e-16   1.214306433184e-17   7.041851536349e-02   3.638271537020e-01
  -2.775557561563e-16  -4.510281037540e-16  -5.218602277992e-01  -7.207003160031e-01   3.748203489942e-02  -4.548055125152e-01   4.996003610813e-16   4.799568395897e-16   2.997786531496e-16   8.534839501806e-16  -1.353084311262e-16   3.608224830032e-16
   6.106226635438e-16  -1.387778780781e-17  -7.176659611887e-01   6.320836187262e-01   2.459707359487e-01  -1.578742035481e-01  -6.661338147751e-16   3.568720749155e-16  -3.233633265458e-16  -4.267419750903e-16  -8.396061623728e-16   2.289834988289e-16
  -2.775557561563e-16   7.736866702857e-16   4.610948725650e-01   1.696086878686e-01   4.195837481665e-01  -7.632652813854e-01  -5.967448757360e-16  -1.248135040845e-15   7.942997628652e-17  -6.236330896137e-16   6.678685382511e-16  -1.578598363139e-16
   2.498001805407e-16   1.693090112553e-15  -2.998213915930e-03   2.286793529171e-01  -8.729507273559e-01  -4.308756106715e-01   8.881784197001e-16   3.648634764666e-16  -4.294531901987e-16   1.654926196082e-15  -4.232725281383e-16   8.326672684689e-17
   9.923707769035e-17  -5.007263742591e-16   1.011052070450e-15   3.108950022951e-16   8.122992763587e-16  -6.602680635458e-16  -3.147081072928e-15   1.000000000000e+00   0.000000000000e+00  -5.012899147301e-14  -8.110475198275e-16   5.781128194652e-16
   1.453540756626e-16   1.024770759778e-16  -4.222263528857e-16  -5.135333211854e-16  -1.587641026455e-15  -8.127324959057e-16   3.648823608473e-02  -5.008455079787e-14   2.701920014858e-31  -9.993340825907e-01   2.541607418779e-15  -1.104791028452e-15
   2.491848661725e-01  -2.742915739638e-01   1.016547956922e-15  -1.249000902703e-16   2.775557561563e-17  -3.668940151691e-16   6.245004513517e-16  -1.034758019149e-15  -7.227835865719e-17  -2.468511506315e-15  -9.118778014450e-01   1.764933714191e-01
  -2.742915739638e-01  -2.491848661725e-01   2.081668171172e-16   5.273559366969e-16  -3.469446951954e-16  -1.040834085586e-16  -1.498801083244e-15  -4.566337804012e-16   1.724145701900e-16  -6.886852199628e-16   1.764933714191e-01   9.118778014450e-01
  -7.771561172376e-16  -3.330669073875e-16   0.000000000000e+00   7.771561172376e-16   1.110223024625e-15   0.000000000000e+00   9.993340825907e-01   4.975075972467e-15   5.060762431763e-17   3.648823608473e-02   5.967448757360e-16   1.373900992974e-15
   2.797970253673e-16   1.006824376484e-16  -1.135366436614e-16   5.051782952498e-16  -3.399174004466e-16  -3.912450602918e-17  -5.057392381956e-17  -1.002094945743e-33   1.000000000000e+00  -1.846582943789e-18  -4.633455124160e-17  -6.843276884202e-17
