ARMA_MAT_TXT_FN008
42 42
  -8.532326184267e-01  -4.222477865609e-01   6.010816844260e-16  -4.832020024337e-16   2.224826990680e-16  -3.171979989375e-15   6.600622826092e-16   2.196268051437e-15   2.051298364227e-15  -9.664197053456e-16   9.395857777272e-02  -2.849777026440e-01   1.089984134526e-15  -2.174271854601e-16   9.606956323973e-16  -5.403663627668e-16   3.393104654663e-16   1.285468081791e-16   4.315124646492e-17   1.019961013538e-16  -3.416942562496e-16   6.976981188592e-17   1.674008154318e-16   4.316820984871e-16  -1.235620225788e-15  -8.582774047173e-17   2.298508605669e-17   3.488923862551e-16   5.788387086182e-02  -1.760277676395e-02   1.898784226732e-16  -7.068691865218e-17   5.204170427930e-17   0.000000000000e+00   2.205254012312e-16  -1.439820485061e-16   1.053170880388e-16  -8.509254691109e-17   1.208452595133e-16   2.166418257555e-16   2.471263875725e-17  -8.928404890418e-17
   4.222477865609e-01  -8.532326184267e-01   1.049507702966e-16   5.293849768714e-16  -2.006481674722e-16   1.946623487004e-15   3.020587252545e-15  -7.489063570528e-16  -4.893227629912e-17   9.377333427289e-16   2.849777026440e-01   9.395857777272e-02  -4.512937421096e-16  -8.424701532733e-17  -2.682980711785e-16   5.551115123126e-17   3.496688811655e-18  -2.547148199166e-16  -1.212138028839e-15  -1.410883094903e-16   9.415226071566e-17   4.535815242896e-17   8.413408858488e-17  -1.862708147306e-16  -4.248548422715e-16   6.661125133256e-16  -3.462941738919e-16  -2.208844528565e-15   1.760277676395e-02   5.788387086182e-02   2.270789982494e-16   3.420589854557e-16   7.285838599103e-17   0.000000000000e+00   5.248002320654e-18  -2.610758831345e-16   3.937782968550e-17   2.060062172443e-16   1.869028611338e-17  -5.523156769003e-16   1.694171831399e-16  -5.648693318649e-17
   3.373921750105e-15  -6.564844154400e-17   8.586689456791e-02   5.435976279790e-01  -2.657273691214e-01  -7.298225595912e-01  -5.204170427930e-16   5.351969035451e-16  -3.970229518958e-17  -7.362809726016e-16   7.025630077706e-17  -9.306844279889e-16  -4.672449944492e-15   2.574887549287e-16  -1.495728112608e-15  -7.632783294298e-17   2.237871305940e-01   1.462463052794e-01   3.459634048365e-02  -1.236580577834e-01  -2.576812245994e-16  -2.739817509478e-16   4.753142324176e-16   5.234481117269e-16  -4.397991951039e-16  -4.850443913864e-16  -9.508453052698e-17  -2.324455825858e-16  -2.724856389457e-16  -7.680081614073e-16  -8.413618481155e-17  -5.235810624110e-17  -6.071532165919e-16   0.000000000000e+00   1.311640605011e-15   1.249000902703e-16   1.069912823094e-15  -6.393230967804e-16   4.425000917786e-02  -6.070619658718e-02   1.476297875186e-02  -7.639192988347e-03
  -2.801072352514e-15   3.292721997838e-16   5.591239208560e-02   4.186399203480e-01  -6.483234778251e-01   5.544498151489e-01   4.219714855314e-16   2.868228932815e-16  -5.983271838690e-16  -4.887182013732e-16  -9.681925400296e-17  -7.397708542779e-16   3.759176072465e-15  -4.570624725551e-16  -1.743265123287e-15  -6.982261990807e-16   1.875462570134e-01  -2.022859498434e-01   2.271548986729e-02   1.065255187892e-01  -8.522933061296e-17  -6.002519405311e-16  -8.673617379884e-19   3.272761576439e-16  -5.302109977796e-17  -1.148037549155e-16   1.246832498358e-17  -7.883313628666e-16  -2.691589804287e-16   5.172999615471e-17  -1.989786565206e-16   3.614543976483e-16  -1.630640067418e-16   0.000000000000e+00   1.504720123253e-15   7.025630077706e-17   1.723357865351e-15   2.141380315086e-16   2.782972183013e-02   3.613655765222e-03  -7.142372196032e-02  -5.541519977981e-03
   5.585832924906e-16  -1.621966450038e-16  -7.177715868496e-01  -3.711477541881e-01  -4.653112678443e-01  -1.914738248564e-01  -7.910339050454e-16  -3.845957517979e-16   4.843585680025e-16  -3.921171186239e-16  -6.045511313779e-16   3.554223150585e-17   7.324655707799e-16  -3.539692558602e-15   2.493624808944e-16  -1.665334536938e-15   5.198303340553e-02   1.016707978916e-01  -2.287372129132e-01   1.503229329801e-01   6.412368847491e-16   2.292528352834e-16  -1.665334536938e-16  -1.147948535678e-16   2.169454419935e-16   1.132294503991e-16   4.597017211339e-17   4.367771039218e-16  -1.184310686176e-16   3.813139040632e-16   9.954954872667e-17   1.737508603628e-16   1.665334536938e-16   0.000000000000e+00  -3.723703820790e-16   4.857225732735e-17  -7.480896477913e-16   9.826744870651e-16   5.547030196316e-02   4.293785429119e-02   2.202736558205e-02   2.266693322800e-02
  -1.222791721781e-15   8.239936510890e-17  -6.167885681945e-01   5.455410969151e-01   4.457292511529e-01   1.714809502642e-01  -9.228728892197e-16   1.040629038611e-15  -6.060044365685e-16   2.484782101137e-16  -7.372574772901e-16  -9.708611622227e-16   1.699612687514e-15   4.551009723651e-16   2.038127383190e-16   2.081668171172e-15   6.079109515378e-04  -1.237430612243e-01  -1.841827104560e-01  -1.967762639883e-01  -8.737560719249e-16  -4.488108067988e-16  -5.342948306009e-16   3.487844967901e-16  -7.111035843301e-17  -2.948070779093e-16  -1.431146867681e-16  -5.571113150852e-17   1.650522394726e-16  -1.058723421432e-15  -2.722348820766e-16  -4.369214178574e-16   5.828670879282e-16   0.000000000000e+00   1.654999405036e-17   4.510281037540e-16  -3.983280541694e-16  -3.128062969845e-16  -1.049272596596e-02  -1.943317483739e-02  -1.072893250444e-02   7.291606717536e-02
  -6.388660435485e-17   9.603010514506e-17   2.863927669645e-16  -3.471599945834e-16  -2.065200642367e-16  -2.473007192549e-16   2.572173774008e-15   8.791530782002e-01   9.713933976259e-02   3.400495576689e-01  -5.829125737893e-16   5.875057676315e-15  -4.279219948170e-16   1.221301706869e-15   1.789449466105e-15   1.716652329448e-18   1.507266360101e-16  -4.970239497969e-16  -1.684092043474e-17   6.811099984917e-16  -5.426526185794e-15  -1.048003372452e-15  -1.573205476796e-17   2.147279343266e-15   3.170169277486e-01   3.490270349814e-02  -1.598588461531e-16  -1.738335123508e-02   5.809305095291e-15  -9.246977289487e-16  -1.481761860973e-15  -3.465853157215e-16   2.919170146213e-17   0.000000000000e+00  -5.392160852147e-17  -8.526947506789e-19   1.378673418685e-16  -7.970836298967e-16   2.045780771340e-16  -8.987536828094e-18  -6.448383203826e-16  -1.274488072344e-17
   1.610097131147e-17  -1.055670848287e-16   9.280715649861e-17  -7.761497711468e-16   4.991190735341e-16   1.725611182567e-16   1.824011461935e-15   3.267079331583e-01   1.257551668407e-01  -8.805835862276e-01   1.077983732870e-15   7.338892596299e-15  -1.462023867894e-15   1.890468063823e-16   6.353125686620e-15  -1.925214401414e-17  -1.372598865222e-15   3.267292506442e-16   8.183844489444e-17   7.608470296840e-16   9.570672752200e-16   2.018086786305e-16   5.809975889307e-18  -1.632835636374e-15   3.650782404030e-02  -3.157042554940e-01   1.898558800432e-16   3.190789773114e-02   4.275471962437e-15   1.681516896258e-15   5.695576373112e-16  -3.606877683686e-16  -5.446785251406e-17   0.000000000000e+00  -2.521451657059e-18  -6.757176763527e-19  -5.726370876960e-16   1.717263384722e-16  -8.846352020143e-16   5.471112432551e-18   8.643269530026e-16  -5.218472728031e-18
   2.701966384540e-01   1.337149214170e-01  -6.635317295611e-17  -1.272369778669e-15   3.714932090375e-16   1.164009268519e-15   6.600622826092e-16   6.650394867814e-15   5.799822988346e-15  -2.795088333230e-15   2.770636761776e-01  -8.403380701888e-01   2.410163510665e-15  -7.967291790950e-16   1.254219419805e-15  -1.835337437583e-15   9.413138879896e-16   5.542928333293e-16   6.756747938930e-16   6.039157337684e-16   2.641114754322e-15   3.552470295781e-16  -3.903127820948e-17   1.306774078767e-15  -7.744721064350e-15   2.538682374765e-15   8.657354347297e-16   1.825489987744e-15   3.398533376190e-01  -1.033511122446e-01  -8.728628155277e-16  -1.180648762324e-15   1.752070710737e-16   0.000000000000e+00   6.219992660772e-16   7.632783294298e-17  -2.269894846958e-16  -9.068124863930e-16   3.811726611328e-16   6.003877411403e-16  -6.518832290928e-16   1.117812439833e-16
  -1.337149214170e-01   2.701966384540e-01  -6.245004513517e-17   6.476813191334e-16  -1.364144930857e-16  -4.567741614649e-16   4.277828091759e-15  -2.474153380091e-15   1.409629283057e-16   2.305075581515e-15   8.403380701888e-01   2.770636761776e-01  -1.617619083691e-15  -2.112806520883e-16  -3.321983280556e-16  -2.602085213965e-16   5.398886325448e-16  -9.496928088638e-17  -1.885644418387e-15  -1.392187031948e-15  -1.788093620849e-15   4.608575982781e-16  -1.734723475977e-16  -6.329549022675e-16  -1.873835204400e-15   2.193624224194e-15  -2.953149877416e-15  -1.325176491316e-14   1.033511122446e-01   3.398533376190e-01   2.402178789140e-15   1.312815473413e-15   2.081668171172e-16   0.000000000000e+00  -1.081109344113e-16   2.116362640692e-16  -4.106558461668e-16   5.136557436621e-16   3.502632792596e-16  -3.926878020238e-16  -8.567350044020e-16   6.054184931159e-16
   1.216594801748e-16   5.078402975922e-16  -8.500145032286e-16  -6.758314491460e-16  -1.175089759015e-16  -7.590492293425e-16   5.711211507031e-01   1.080413729801e-01  -7.454676290266e-01  -6.637465575651e-02  -1.422473250301e-15  -4.379760163057e-15  -6.768353093856e-16  -1.595266460417e-15   2.368770005177e-16  -5.412337245048e-16   3.721329729307e-17  -3.371009649109e-16   1.148386941097e-15  -7.554838579413e-16  -9.279623390981e-16  -8.269413705520e-16  -2.636779683485e-16   1.903021621575e-15   8.512625076363e-03   2.091990404011e-02   2.502074573309e-01   1.972466304303e-01   4.904350667697e-16   1.008936857672e-14  -2.627588186884e-15   1.409982755751e-15   4.302114220422e-16   0.000000000000e+00  -2.182942769108e-16  -7.632783294298e-17  -2.460011080898e-16   4.719740816518e-17  -7.445540805097e-16   2.338122509101e-16  -5.599416911029e-16   1.708702623837e-16
   4.520764993732e-16  -4.692427002517e-16   1.082467449010e-15  -4.056528247940e-16  -3.427881667458e-16  -7.247732059688e-17  -7.561749262762e-01   8.160110989639e-02  -5.630341807262e-01  -5.013121760049e-02   5.836477134924e-15  -2.329579973441e-15  -4.062556542775e-16  -6.218264459429e-16   2.616183129772e-16   1.318389841742e-15  -1.444504599180e-15  -1.449232761080e-15  -7.875644580935e-16   1.075141807415e-15  -6.530888715330e-16  -8.555576618852e-16   4.787836793696e-16   2.206968166444e-15   1.072816898605e-02   2.636463649003e-02  -1.985354889858e-01   2.485831531640e-01   4.984821041825e-16   6.970769447778e-15   1.043893505291e-16   1.721717635594e-15  -1.415534356397e-15   0.000000000000e+00  -2.520888232299e-17  -1.734723475977e-16  -5.341986367018e-16  -1.472628395962e-16   1.909793763778e-16  -1.253214911663e-15   4.456700270511e-16  -6.487865800153e-16
  -1.029996225154e-17   9.837658115525e-17   5.934550306819e-17  -8.849017590783e-16   2.576085838834e-16  -3.358968887687e-16  -1.429798854703e-16   1.623701173514e-15   5.373214784506e-16  -1.554312234475e-15   5.680004004387e-16   2.943447309216e-15   7.252987206919e-01  -5.794070534350e-01  -1.794941483050e-01   5.279779652308e-14   3.028291147174e-15   8.263576412281e-15   9.622320139542e-15  -1.258075497147e-14  -5.213175794887e-16   2.373101715136e-15  -1.614500304596e-16  -1.665334536938e-15   2.089366006597e-15   2.744115698561e-16  -5.256714376751e-16   4.104885077324e-16   1.218796179865e-15  -9.661411486798e-16  -1.101606304310e-16  -3.330669073875e-16   1.035397986859e-15   0.000000000000e+00   9.311144647540e-02   2.356232901132e-16   7.081179004449e-02   3.038536355595e-01  -4.799628880260e-15   4.453363495229e-16   2.996892658349e-15   3.636323945606e-15
   9.616867955562e-17   2.861814066934e-17   1.463016985861e-17   4.427378437776e-16  -3.644851249225e-17  -2.812924822428e-17  -4.540871337375e-17  -3.282096816548e-15   2.852542400712e-16   4.107825191113e-15  -7.635084426841e-17   1.350330200876e-15  -5.378227259459e-02  -3.401178338478e-01   8.805772216771e-01   3.069689297875e-14   4.022891990491e-15  -1.304200643766e-15   4.204826748961e-15  -3.209747027323e-16  -6.250327219224e-18   2.099015405932e-16   7.398056107206e-17   7.736866702857e-16  -2.403743979036e-16   2.222966819301e-15  -3.368944982063e-16  -1.153553083075e-16  -3.279835839823e-16  -9.211054741819e-16   9.327473878744e-16  -1.477117039794e-15  -3.515019042314e-16   0.000000000000e+00  -6.913035964589e-02  -3.332917912229e-16  -3.045320066007e-01   9.215385639100e-02   2.229703594589e-15  -4.911895604108e-15  -4.691092008264e-15  -3.148189380854e-15
  -1.172375426076e-15   1.192622389734e-18  -2.732966477243e-02  -1.730159337718e-01   8.457555097912e-02   2.322874956333e-01  -1.162264728904e-15   1.022385833200e-15  -6.948909635698e-16  -5.791464985726e-16   6.581107186987e-17   1.042302145623e-15  -1.499546681772e-14   5.357427649505e-16  -3.184251794794e-15  -3.122502256758e-17   6.592667458999e-01   4.308349882566e-01   1.019192513446e-01  -3.642910347113e-01  -8.286215528259e-16  -6.737789893598e-16   1.679212324746e-15   1.941127796960e-15  -6.796957787650e-16  -7.557066857904e-16  -3.588709190927e-16   1.986715550917e-16  -4.964183043993e-16  -2.773226526892e-15   3.637046478030e-16  -8.120584386387e-16  -2.654126918245e-15   0.000000000000e+00   9.329577248813e-15   6.748074321550e-16   4.716278658520e-15  -1.055117078419e-15   2.188985275677e-01  -3.003049557292e-01   7.303036476911e-02  -3.779000565251e-02
   9.933532135329e-16  -1.775923158531e-16  -1.779576331500e-02  -1.332444679762e-01   2.063480157541e-01  -1.764699615306e-01  -1.279358563533e-16  -3.896137023012e-16   2.907162987475e-16  -6.679506279325e-16   6.537739100088e-17   1.119262206614e-15   8.639864912418e-15   5.265429600559e-16  -1.867898545709e-15  -2.142383492831e-15   5.525027745731e-01  -5.959252417265e-01   6.691880380510e-02   3.138193511891e-01   1.276514543170e-15  -1.476587106260e-15   3.469446951954e-18   1.869580367577e-15  -6.681121791076e-16  -1.985352400391e-15  -1.593777193554e-16  -3.742830644579e-16  -5.134663378769e-16  -3.063142187815e-16   2.528744907101e-16   1.275720177390e-15  -4.926614671774e-16   0.000000000000e+00   5.301208188120e-15   3.937822290467e-16   7.593044807598e-15   2.214123945767e-15   1.376696919259e-01   1.787624321081e-02  -3.533230356559e-01  -2.741311439714e-02
  -1.014824847935e-16   2.923009057021e-16   2.284519191068e-01   1.181286892235e-01   1.480989970467e-01   6.094217652047e-02   1.141448047193e-15  -2.111733517320e-16  -7.458227297975e-16  -1.539221032968e-16  -1.365227375594e-15  -8.902969624732e-16   2.503624198023e-15  -1.070115709691e-14  -1.113990470084e-15  -5.578870698741e-15   1.531396608210e-01   2.995175634145e-01  -6.738494641011e-01   4.428445487320e-01   1.114985680894e-15   8.767513189174e-17  -2.636779683485e-16   4.965023113840e-16   8.417426449488e-16   3.772100894859e-16   6.557254739192e-16   9.222401754860e-16  -8.992094094362e-16   1.598656103330e-15   5.341407162094e-16   4.359443893213e-16   5.551115123126e-17   0.000000000000e+00  -4.175237842229e-15  -5.898059818321e-16  -1.563103746858e-15   5.131743767909e-15   2.744037266674e-01   2.124074832048e-01   1.089662574470e-01   1.121301079993e-01
   1.566115421373e-16   1.812786032396e-16   1.963111032377e-01  -1.736344999234e-01  -1.418664442749e-01  -5.457885613729e-02   5.898059818321e-16   3.664879142743e-16   5.164908835422e-16  -2.012479778430e-16  -1.090273704651e-15  -3.275875585754e-16   3.997969591870e-15   2.338137749884e-15   3.113936509224e-15   5.495603971895e-15   1.790878115973e-03  -3.645414509964e-01  -5.425939188329e-01  -5.796939568667e-01  -4.077506178132e-16  -6.950051155394e-16  -1.679212324746e-15   2.863600422141e-16  -5.869385252235e-16  -1.237597719930e-15   3.295974604356e-17   7.162693703719e-16   9.646895034462e-16  -2.868148427093e-15   2.286816886493e-16  -1.287384415306e-15   1.110223024625e-15   0.000000000000e+00  -3.398033414705e-17   1.387778780781e-17  -3.002445757189e-15  -2.887054882586e-15  -5.190602910135e-02  -9.613316328980e-02  -5.307450938950e-02   3.607054560500e-01
  -1.508182579326e-17   1.032160468206e-16   3.816391647149e-17   9.562870874849e-17   6.828857635766e-17  -1.972503604645e-17   3.382710778155e-16  -1.444729515575e-15  -7.799606626304e-16   2.562689926744e-16   2.610758831345e-16   2.109761755447e-15   6.021090065032e-01   6.629943959730e-01   2.928522362182e-01  -7.829214533648e-02   5.743347983620e-15   1.331272204215e-14  -8.465450562767e-16   5.383964919767e-16   3.774417225300e-16   1.861839698920e-15   7.632783294298e-16  -8.565398050604e-16  -6.606776470120e-16   5.699872354079e-16   2.211772431870e-16   5.029557334724e-16   7.451593225836e-16   1.294103713079e-15  -1.227818629503e-15   1.258619507264e-15  -1.193489751472e-15   0.000000000000e+00   2.791994790833e-01   1.293550477269e-01  -8.338912011859e-02  -6.612306760719e-02  -1.193366441463e-15   6.840027195028e-15   1.990164261135e-15   6.661338147751e-16
  -2.349275023755e-17  -2.428612866368e-17   3.330669073875e-16   9.873975958094e-17   9.760530762911e-17  -9.960109601203e-17   1.484923295436e-15  -2.642158699600e-16   4.005025942789e-16   7.219688590918e-17   6.800116025829e-16  -1.570738115045e-15   5.002893451055e-02   5.508787089846e-02   2.433294501293e-02   9.422628386294e-01   3.244145815440e-15   4.334954772053e-15  -1.082467449010e-15   7.845333220899e-15   6.936110424411e-16   1.287618696067e-16  -7.216449660064e-16  -9.776873857337e-17  -1.492383334398e-16   1.664400642571e-17   1.179611963664e-16   3.140138787705e-16  -1.134346138945e-16   2.693158196454e-16  -3.234922504957e-16   5.648121983385e-16   0.000000000000e+00   0.000000000000e+00   1.208717738219e-01  -2.987948368769e-01  -3.610103750651e-02  -2.862617257909e-02  -7.948576535506e-16   2.806298474167e-15   2.464906560250e-16   9.575673587392e-16
  -8.415060586082e-18   7.865274309078e-18  -1.418492984246e-17  -1.252093064176e-16   3.554203098659e-16  -3.655042160869e-17  -1.203476438981e-17   3.742052097732e-16  -1.908195823574e-17   3.822929686915e-16   3.125133438117e-17  -1.609823385706e-15  -3.870289018585e-16  -5.763552996944e-17   1.240112801089e-15   1.646785658248e-29   1.673988385973e-15  -5.984864004234e-16   2.067874478611e-18  -3.914407058114e-18  -3.330669073875e-16  -2.868944660728e-01  -1.723923040942e-17  -9.579621941062e-01   4.137219552168e-15   5.245868780108e-15  -4.007359429468e-18   7.750744490664e-15  -2.506675422786e-16   5.883854849192e-17   1.665334536938e-16  -1.870704385141e-16  -9.078833757841e-30   0.000000000000e+00  -1.784654967815e-17  -6.105197923708e-32   1.201299931893e-15  -9.465711809341e-16   1.126616379747e-15   1.718789644634e-17   5.449380024241e-16   6.080864923043e-18
  -1.565888634211e-17   2.611461737523e-18   9.370354606685e-18  -2.193688570673e-16  -2.668477318616e-16   6.860459533951e-17   6.759875418839e-18  -7.172432781274e-16   6.938893903907e-18  -3.443346001811e-16   1.925760178482e-17   1.314920394790e-15   3.078076217912e-15   4.982716090371e-16  -7.822382267307e-17  -4.028891369263e-29  -1.499613056510e-15   1.126341167919e-15   2.218416615915e-17   6.685793196740e-16  -5.551115123126e-16  -9.579621941062e-01   1.669124053843e-17   2.868944660728e-01  -2.669371800098e-15  -2.126638700828e-15  -1.877510334129e-17  -5.121337381953e-15   3.316574445633e-15   1.093567523219e-17   5.551115123126e-16   3.340845997648e-15   4.102538930336e-29   0.000000000000e+00   1.658115409161e-17  -8.281498760865e-32  -6.640904484929e-16   1.516528825248e-15  -2.208614328769e-15   3.419538762997e-17   8.507206501450e-16   4.711251484160e-18
  -6.356135198094e-18  -2.115402086904e-17  -2.558127196597e-17   1.463990843862e-16   4.635512841795e-17   9.113022417814e-17  -8.875239376884e-16  -2.963289582774e-01  -3.274196504951e-02  -1.146177311840e-01   1.592906507154e-16  -3.280795773941e-15  -9.975240954365e-16   4.168097462442e-16   1.272825845988e-16   3.192956909232e-17   9.751404265016e-16   2.580484354950e-16   8.301152707844e-17  -1.287912034184e-15  -1.509903313490e-14  -8.915393014002e-16  -2.631155628596e-17   4.701892411075e-15   9.405304479587e-01   1.035498501270e-01  -5.249415428977e-16  -5.157318014614e-02   1.735243893020e-14  -2.616154157740e-15  -5.662137425588e-15  -8.714197421612e-16   8.754071653217e-17   0.000000000000e+00  -2.827869465539e-16  -2.148227370010e-19   4.619080094043e-16  -1.725595079604e-15  -5.008031809284e-16  -1.047690083041e-16  -2.206863131807e-15   2.211387965083e-17
   8.632959789273e-18   6.995990649088e-18  -3.948296153041e-17   4.269695105998e-16  -2.251628289009e-16  -4.417140870307e-17  -6.220121015327e-16  -1.101207786156e-01  -4.238726851097e-02   2.968111279519e-01  -3.341144092940e-16  -7.761803352824e-16   9.373868467628e-16   7.854976062056e-17   5.650103695965e-16  -5.175867198615e-17   6.183388536520e-16   1.008246035198e-15   3.524953460995e-17   1.220123522178e-15   2.026157019941e-15   1.399574815139e-16   2.725805984076e-17  -3.817464024601e-15   1.083119451774e-01  -9.366359927560e-01   5.179269827113e-16   9.466481666962e-02   1.336018969067e-14   4.878527580019e-15   2.442490654175e-15  -1.916713852846e-16  -1.603864231726e-16   0.000000000000e+00   1.090514404482e-16   5.831748750014e-18  -2.801943117727e-16   3.560886121768e-17  -3.775340957234e-15   6.255274956742e-17   2.922495514056e-15  -9.225880537648e-18
  -4.755224521265e-02  -2.353265669105e-02   5.594483210025e-17   7.285244719425e-16  -1.990140527108e-16  -1.647054162434e-16  -3.249353910939e-16  -2.524546974759e-15  -3.078406966363e-15   9.158805621466e-16  -1.116003959865e-01   3.384855881846e-01  -2.180866775434e-15  -1.202863327085e-16  -7.952076303616e-16   6.533402291398e-16   1.166971789679e-16   9.776707597404e-16  -9.687346411158e-17   1.664032682183e-15   6.188031061798e-15   2.873086919846e-15  -6.787105599759e-17  -1.251094771964e-15  -1.756091016781e-14   1.025563275667e-14   2.383184795340e-15   6.327784067919e-15   8.924672747235e-01  -2.714037947391e-01  -1.889673627289e-15  -1.429204675352e-15  -8.430756093247e-16   0.000000000000e+00   1.430132792429e-15  -2.602085213965e-17  -1.844995699788e-15  -3.758717729502e-15  -2.919450417913e-16   1.708607547985e-15  -8.032709816270e-16  -1.126486057212e-16
   2.353265669105e-02  -4.755224521265e-02  -8.933825901281e-17  -2.067947119014e-16   4.133794842979e-17   9.076865491373e-17  -1.778525243745e-15   1.287688001054e-15  -2.448906685787e-16  -9.339910338914e-16  -3.384855881846e-01  -1.116003959865e-01   2.139824301387e-16  -1.577355934862e-15  -5.778307484973e-17   6.071532165919e-17   8.101706028316e-16  -4.131067107239e-16   7.251144129583e-16  -3.155249526985e-15  -4.986950761257e-15   6.617511343211e-16   3.868433351428e-16   5.828988033160e-17  -4.900236281847e-15   4.191341306305e-15  -1.057704271390e-14  -3.436411394113e-14   2.714037947391e-01   8.924672747235e-01   4.874594473529e-15  -5.516758102010e-16   1.377370439926e-15   0.000000000000e+00  -7.754759798474e-16  -1.014813233446e-16  -1.096628542356e-15  -2.077097989348e-16   2.359914508990e-15  -1.818674144482e-15  -2.044083652239e-15   9.009720053355e-17
  -2.654511109790e-17  -1.369076293306e-16   3.588709190927e-16   6.433808901678e-16  -2.915526165529e-16   2.503500720072e-16  -1.925031485808e-01  -3.641662447637e-02   2.512686941746e-01   2.237236390802e-02  -7.220786468753e-17   5.993486482129e-16  -3.058575474474e-16   2.446812081889e-16  -3.258785645338e-16  -3.382710778155e-17   4.337446880376e-16  -2.168914262228e-16   4.763984345901e-16  -1.218856379607e-16  -1.785609568229e-15  -1.436021365119e-15   6.106226635438e-16   5.807053531246e-15   2.525538031434e-02   6.206547662244e-02   7.423191360703e-01   5.851941818831e-01   3.189447389373e-15   2.998210336144e-14  -6.950662560804e-15   4.746988007267e-15  -4.076600168545e-17   0.000000000000e+00  -4.508356066525e-16  -4.527628272299e-16  -1.040993665974e-15   7.051447922329e-16   1.020565556142e-16  -8.531258387645e-16  -2.947351222209e-16  -9.555073746115e-16
   4.681350656679e-17   2.647621705210e-16  -4.072263359856e-16   7.554107512256e-16  -5.059016539572e-17   4.101453592241e-16   2.548777155369e-01  -2.750462062805e-02   1.897773395627e-01   1.689732067951e-02  -1.190562405606e-15   2.823801521572e-16  -5.485709602232e-16   1.939626368991e-16  -3.642148201363e-16  -8.777700788443e-16   8.266106527909e-16  -3.096959267072e-16   8.621575675605e-16   1.309239530330e-16  -1.165365480394e-15  -1.723495862396e-15   3.556183125752e-17   6.680793811417e-15   3.182848832043e-02   7.821898831819e-02  -5.890179862559e-01   7.375001267619e-01   2.825920794760e-15   2.058958201417e-14  -9.390017183747e-16   4.887149560849e-15  -1.318389841742e-15   0.000000000000e+00  -2.368356952093e-16  -1.392115589471e-16  -9.369874487250e-16  -1.014230845880e-15  -3.175778940403e-16   6.468091191821e-16   1.642766118037e-16   1.052760309483e-16
   3.955633602958e-16   1.530893467550e-16   2.220446049250e-16  -6.665054352099e-16  -8.486224796565e-17  -4.361597835262e-16   1.977584762614e-16  -9.903840652354e-17   3.713323958768e-16  -2.024598670330e-16  -2.539201487961e-16   7.729838834213e-18  -2.905502186329e-16   2.826998742149e-16   2.242222792350e-16   8.396061623728e-16   1.377286374230e-16  -7.585582332085e-16  -7.667477763817e-16   1.834237728812e-15  -9.964016096810e-01   2.433726133930e-16   8.475749067301e-02  -1.601894231114e-16  -1.631448996879e-14  -4.106915704454e-15  -9.458579752764e-16  -1.135750362178e-15   4.931819789092e-15  -6.990366402046e-15  -1.298517205187e-15  -1.506352363525e-15   1.311450947838e-15   0.000000000000e+00   2.641431289523e-17  -3.642919299551e-17   2.638073201508e-16   6.383472064313e-16  -4.206106484835e-17  -8.978395216848e-16   1.624830101207e-16   7.285838599103e-17
   3.240962964827e-17   6.245004513517e-17  -1.804112415016e-16   6.058944166329e-17   3.040755401834e-17   4.807773972103e-17   4.996003610813e-16   5.686701135060e-17  -1.185534377821e-16   8.746199586379e-18   2.463307335887e-16   1.177887025099e-16  -2.205812839129e-16  -3.523215444489e-16  -2.210842230806e-16   9.436895709314e-16  -8.424247003651e-16  -8.640228349497e-16  -8.187894806611e-16  -2.018927686899e-16   8.475749067301e-02  -3.180155078001e-18   9.964016096810e-01  -4.287202281728e-17   1.397269559093e-15   3.409394117413e-16  -2.949029909161e-16  -3.412601087503e-16  -4.440722259126e-16   2.389581588158e-16   2.670992381063e-16   5.417164663999e-17   1.720845688169e-15   0.000000000000e+00  -5.576498197445e-16  -7.216449660064e-16   2.944083476305e-16   3.398119530085e-16  -1.275684409097e-15   8.589440795151e-16  -4.286419225570e-16   2.262079412674e-15
   4.771962444225e-17  -6.688155140904e-17  -8.249933320682e-17   1.406212205589e-16  -1.183040549941e-16  -2.365519296199e-17  -1.421751990658e-17  -4.610487452388e-16  -1.482384953075e-16   2.128650865115e-17   8.874112456400e-16   6.834160953202e-16  -3.822363863839e-17   9.682673538061e-16  -1.336182893706e-16   1.381147718191e-17   1.747348717631e-15  -4.991727104896e-16   5.579088352329e-16   1.800679967563e-15   9.404087319090e-16  -2.420319821443e-15  -1.106273539989e-16   1.431539817364e-15   1.653685488380e-15   2.462027613998e-15   2.770704923832e-15   8.300918874128e-15  -1.291508506881e-15  -1.997832635208e-15   3.882429543488e-01  -9.215570565073e-01   4.444944897159e-14   0.000000000000e+00   4.607199692419e-15  -1.321851569378e-16   2.602903887346e-15  -1.898922940477e-15  -2.065001753109e-15   1.565790804135e-15   1.160524373986e-15  -1.864870545966e-16
   1.296575519691e-16  -1.462618632099e-16  -1.730097171655e-16   2.301759444843e-16  -2.307123120343e-16  -7.616853533995e-17   2.498627854148e-16  -3.279206384601e-16  -1.134037001231e-16  -3.297642886374e-16  -7.767191649592e-16  -6.615578442540e-16   8.603969649553e-18   5.316949118506e-16   2.278992200972e-16  -2.846073259093e-16  -3.830428202315e-16   8.132684868471e-16   6.336095309804e-17  -1.170130822730e-15  -1.745574433394e-15   1.683221468997e-15  -1.178150838432e-16  -2.606613818221e-16   5.799284001189e-15   2.841758894293e-15   4.437071158197e-15   1.902003486500e-15   9.273341717947e-16  -5.495125860446e-15   9.215570565073e-01   3.882429543488e-01   1.056719682884e-13   0.000000000000e+00   2.389604874671e-15  -3.886171715544e-16   1.321265716327e-15  -1.776396061769e-16  -6.705278183081e-16   9.619306011038e-16  -1.257267297352e-15  -5.941727747189e-16
  -5.070319794991e-17   4.336808689942e-18  -2.255140518770e-17   2.248922508840e-16  -5.993972871709e-16  -1.552698531354e-16   1.942890293094e-16  -4.002311018812e-16  -1.634444084272e-16   5.759371640633e-16  -6.661338147751e-16  -6.487676337628e-16  -2.497620667603e-01   1.995231744286e-01   6.181015928067e-02  -1.776356839400e-14  -3.555687195267e-16  -3.000354957942e-15  -1.332267629550e-15   3.828868808753e-15   8.690964614644e-16   7.532984201615e-17  -2.220446049250e-16   2.895596942264e-16   1.206333190673e-15   6.613234130438e-17  -7.494005416220e-16   4.492896349156e-16   2.933967873758e-15  -2.966377143920e-16  -6.451060810937e-16  -4.198727008473e-16   2.053912595557e-15   0.000000000000e+00   2.703917928225e-01   9.992007221626e-16   2.056345120593e-01   8.823784012019e-01  -1.390454102077e-14   7.027003108767e-16   8.214891633114e-15   1.137978600241e-14
   8.391602732227e-17  -1.734723475977e-17   8.673617379884e-18  -2.725252341042e-16  -1.189503570577e-16   3.924103803124e-16   9.714451465470e-17   7.705661275995e-16  -5.614377783153e-17  -1.252976361654e-15   1.249000902703e-16  -1.147430386525e-15   1.852032986557e-02   1.171221328542e-01  -3.032333858501e-01  -1.038058528025e-14  -4.990897393736e-16  -3.383055234896e-16  -5.551115123126e-16   2.255994404441e-16  -6.591949208712e-17   4.411035851330e-16   5.551115123126e-17  -1.672341695224e-15   1.183211617205e-15  -5.513817015798e-16  -4.440892098501e-16  -8.337875653254e-16  -4.885553261503e-16  -9.194034422677e-16   2.377234616769e-15  -2.589851353803e-15  -9.992007221626e-16   0.000000000000e+00  -2.007517076653e-01  -1.276756478319e-15  -8.843483626726e-01   2.676109907889e-01   1.077387838257e-14  -1.517283173719e-14  -1.519988549158e-14  -9.769962616701e-15
   1.992256621786e-16   5.551115123126e-16   4.118505450831e-03   2.607302622455e-02  -1.274530334034e-02  -3.500508787398e-02   1.998401444325e-15  -9.383536996128e-16   3.975673699646e-16   4.053437920132e-16   2.498001805407e-16  -5.353262382617e-17   6.689722199135e-15  -7.729736777896e-16   1.852047160986e-15   8.604228440845e-16  -2.909712762607e-01  -1.901515694071e-01  -4.498266418519e-02   1.607820020644e-01   6.920711189144e-16  -1.062588575529e-15   1.054711873394e-15   8.125238583384e-17   6.829479301994e-16  -1.516909986900e-15  -1.890848588815e-16  -2.987003428612e-16   9.530253703766e-16  -1.756407519427e-15   2.296431110000e-15  -1.296228409332e-15  -4.940492459582e-15   0.000000000000e+00   2.178145609998e-14   1.575128916187e-15   1.118128316991e-14  -3.247961192453e-16   5.300011207853e-01  -7.271038543857e-01   1.768224556331e-01  -9.149785324215e-02
  -9.543044618881e-17   0.000000000000e+00   2.681772675398e-03   2.007957551702e-02  -3.109607946998e-02   2.659353872518e-02  -5.551115123126e-17   2.835192960546e-16  -2.266245990626e-16   8.724664990289e-16   1.387778780781e-17  -1.027883621756e-16  -3.770679952387e-15  -5.012044317244e-16   2.218563882730e-15   9.458579752764e-16  -2.438503662667e-01   2.630151288830e-01  -2.953500972119e-02  -1.385060261248e-01  -6.930479875038e-16  -8.207405986982e-16   1.110223024625e-16  -1.219992644730e-16  -9.445496612825e-16  -3.312374837016e-15  -4.440892098501e-16   6.826634827715e-16  -1.607002414959e-15  -2.274222477006e-15  -5.554899975756e-16  -2.354705698433e-15  -4.440892098501e-16   0.000000000000e+00   1.221906115183e-14   8.326672684689e-16   1.703394793815e-14   6.500687234251e-15   3.333283774434e-01   4.328228719687e-02  -8.554721997339e-01  -6.637313423776e-02
   1.528837146178e-17  -4.440892098501e-16  -3.442707702156e-02  -1.780166915759e-02  -2.231811226658e-02  -9.183818692068e-03  -6.661338147751e-16  -3.252737766480e-16  -3.395929603926e-16  -5.641159621385e-21   5.273559366969e-16   5.930234946530e-16  -1.065117197809e-15   4.864906938433e-15   8.429559203657e-16   2.164934898019e-15  -6.758909475161e-02  -1.321938475302e-01   2.974074451601e-01  -1.954520599303e-01  -7.784060926188e-16  -1.174608022785e-15  -1.110223024625e-16   1.171220592832e-15   6.911125536715e-16  -1.882120471840e-15   3.608224830032e-16   1.799935650306e-16  -1.257873312470e-16  -5.100087019372e-16   9.075631629213e-17  -1.096519928039e-16   9.992007221626e-16   0.000000000000e+00  -1.156511310983e-14  -9.714451465470e-16  -3.022044674392e-15   7.779025796293e-15   6.643913245895e-01   5.142848853879e-01   2.638310966109e-01   2.714914694666e-01
   6.024120525502e-17  -3.330669073875e-16  -2.958354430892e-02   2.616624244539e-02   2.137888367462e-02   8.224883780070e-03  -4.440892098501e-16  -1.576251317347e-16   5.772419921721e-17   1.468804992643e-16   2.636779683485e-16   1.697920402844e-16  -1.655500221530e-15  -1.209213012594e-15  -1.590068773688e-15  -3.275157922644e-15  -7.904146451682e-04   1.608925247725e-01   2.394770341990e-01   2.558513553416e-01   2.172290293303e-16   4.185263470533e-16  -1.110223024625e-15  -3.535878659153e-16  -1.007471669929e-16   5.902751988447e-16   6.245004513517e-16   1.949224004688e-16  -3.314235984982e-16   4.458239333260e-16   7.395741999877e-16   2.780630740473e-16   1.221245327088e-15   0.000000000000e+00  -6.517737545969e-16  -5.551115123126e-17  -7.902222456694e-15  -9.993246385180e-15  -1.256758275394e-01  -2.327593741921e-01  -1.285049733962e-01   8.733466510903e-01
  -2.119286321941e-16  -1.110223024625e-16   3.330669073875e-16   1.370167772084e-16   1.253422341427e-16  -9.121859880870e-16  -1.734723475977e-18  -2.529462147585e-17   2.788434153509e-16  -7.919663638401e-17  -1.266348137463e-16  -7.104423929376e-16  -2.073407626250e-01  -2.283071041829e-01  -1.008458690007e-01   2.696048879238e-02  -2.491160176005e-15  -4.563562595891e-15   2.220446049250e-16  -4.657703698741e-16  -3.334972824708e-16  -8.081103778217e-16   6.938893903907e-16   1.775364314098e-17  -2.455404900830e-16  -3.250504486696e-16   5.689893001204e-16  -2.062383530771e-16  -2.534005762668e-15   8.376545984623e-16  -2.084810126920e-15   2.621790251817e-15  -2.137179322403e-15   0.000000000000e+00   8.107837496047e-01   3.756417131245e-01  -2.421585588482e-01  -1.920186558584e-01  -3.014817752833e-15   2.024047840754e-14   5.326402431714e-15   2.053912595557e-15
  -6.690929059199e-17  -5.551115123126e-17   0.000000000000e+00   2.549172970938e-16   2.264287587326e-16  -2.621759034075e-16  -7.216449660064e-16  -1.211634848057e-16  -9.592041729095e-17  -1.585863850532e-17  -2.983724378680e-16   5.655357719287e-16  -1.722783968136e-02  -1.896992245609e-02  -8.379232533316e-03  -3.244752917570e-01  -1.337342149332e-15  -1.622897350772e-15   5.759281940243e-16  -2.976961143176e-15  -4.487707155406e-16  -1.136407100777e-16   5.551115123126e-17  -1.185546414151e-16  -1.851192937132e-16  -1.044700192615e-16  -3.122502256758e-16  -6.086336065415e-16  -9.585415699046e-16   6.496539417533e-16  -1.451462420078e-15   1.107103475407e-15  -2.331468351713e-15   0.000000000000e+00   3.510066362677e-01  -8.676878588779e-01  -1.048359210778e-01  -8.312922222028e-02  -6.123339555984e-16   6.553418284499e-15   1.361201298342e-15   1.387778780781e-16
   8.819679119114e-17   4.857225732735e-16  -2.220446049250e-16   1.980609559712e-17   7.779065547843e-18  -4.479568698336e-17   8.326672684689e-16  -7.044470039814e-17   1.763081735677e-16   1.575388572276e-17  -1.804112415016e-16  -5.254249832659e-16  -4.163336342344e-17  -3.792310473980e-16  -2.185751579731e-16   8.881784197001e-16  -5.621601393379e-16  -3.953020732176e-16  -6.383782391595e-16  -4.734775924429e-16  -1.163873480388e-15  -7.152730503598e-18   1.776356839400e-15   6.614260857530e-17   3.464861018486e-17   1.636357831702e-17   1.200428645376e-15  -1.305061841507e-15  -2.971981608334e-16   1.689620665601e-15   1.146354567575e-13   6.938218897563e-17  -1.000000000000e+00   0.000000000000e+00  -1.980425496801e-15   8.881784197001e-16   2.407796184634e-15   2.720046410293e-15  -3.195816404163e-15   4.867652148907e-15  -3.066984935575e-16   2.726985304236e-15
   0.000000000000e+00   0.000000000000e+00   0.000000000000e+00   0.000000000000e+00   0.000000000000e+00   0.000000000000e+00   0.000000000000e+00   0.000000000000e+00   0.000000000000e+00   0.000000000000e+00   0.000000000000e+00   0.000000000000e+00   0.000000000000e+00   0.000000000000e+00   0.000000000000e+00   0.000000000000e+00   0.000000000000e+00   0.000000000000e+00   0.000000000000e+00   0.000000000000e+00   0.000000000000e+00   0.000000000000e+00   0.000000000000e+00   0.000000000000e+00   0.000000000000e+00   0.000000000000e+00   0.000000000000e+00   0.000000000000e+00   0.000000000000e+00   0.000000000000e+00   0.000000000000e+00   0.000000000000e+00   0.000000000000e+00   1.000000000000e+00   0.000000000000e+00   0.000000000000e+00   0.000000000000e+00   0.000000000000e+00   0.000000000000e+00   0.000000000000e+00   0.000000000000e+00   0.000000000000e+00
